998,0.15938526512,0.0642141079975,0.0915457184421,0.351949931638
997,0.15938526512,0.0642141079975,0.0915457184421,0.351949931638
996,0.15938526512,0.0642141079975,0.0915457184421,0.351949931638
995,0.15938526512,0.0642141079975,0.0915457184421,0.351949931638
994,0.15938526512,0.0642141079975,0.0915457184421,0.351949931638
993,0.15938526512,0.0642141079975,0.0915457184421,0.351949931638
992,0.199834275774,0.0658001018726,0.0990016113131,0.350664854436
991,0.199834275774,0.0658001018726,0.0990016113131,0.350664854436
990,0.199834275774,0.0658001018726,0.0990016113131,0.350664854436
989,0.199834275774,0.0658001018726,0.0990016113131,0.350664854436
988,0.199834275774,0.0658001018726,0.0990016113131,0.350664854436
987,0.199834275774,0.0658001018726,0.0990016113131,0.350664854436
986,0.199834275774,0.0658001018726,0.0990016113131,0.350664854436
985,0.199834275774,0.0658001018726,0.0990016113131,0.350664854436
984,0.199834275774,0.0658001018726,0.0990016113131,0.350664854436
983,0.199834275774,0.0658001018726,0.0990016113131,0.350664854436
982,0.199834275774,0.0658001018726,0.0990016113131,0.350664854436
981,0.199834275774,0.0658001018726,0.0990016113131,0.350664854436
980,0.199834275774,0.0658001018726,0.0990016113131,0.350664854436
979,0.20143244929,0.0658783797591,0.0992854905082,0.350679611743
978,0.20143244929,0.0658783797591,0.0992854905082,0.350679611743
977,0.20143244929,0.0658783797591,0.0992854905082,0.350679611743
976,0.20143244929,0.0658783797591,0.0992854905082,0.350679611743
975,0.20143244929,0.0658783797591,0.0992854905082,0.350679611743
974,0.20143244929,0.0658783797591,0.0992854905082,0.350679611743
973,0.20143244929,0.0658783797591,0.0992854905082,0.350679611743
972,0.20143244929,0.0666913316779,0.10020594397,0.351221579688
971,0.20143244929,0.0666913316779,0.10020594397,0.351221579688
970,0.20143244929,0.0666913316779,0.10020594397,0.351221579688
969,0.20143244929,0.0666913316779,0.10020594397,0.351221579688
968,0.20143244929,0.0666913316779,0.10020594397,0.351221579688
967,0.20143244929,0.0666913316779,0.10020594397,0.351221579688
966,0.20143244929,0.0666913316779,0.10020594397,0.351221579688
965,0.20143244929,0.0688201728478,0.102590057167,0.352640807135
964,0.20143244929,0.0688201728478,0.102590057167,0.352640807135
963,0.20143244929,0.0688201728478,0.102590057167,0.352640807135
962,0.20143244929,0.0688201728478,0.102590057167,0.352640807135
961,0.20143244929,0.0688201728478,0.102590057167,0.352640807135
960,0.20143244929,0.0688201728478,0.102590057167,0.352640807135
959,0.197192397105,0.0691332843938,0.102375091975,0.352651017294
958,0.197192397105,0.0691332843938,0.102375091975,0.352651017294
957,0.197192397105,0.0691332843938,0.102375091975,0.352651017294
956,0.197192397105,0.0691332843938,0.102375091975,0.352651017294
955,0.197192397105,0.0691332843938,0.102375091975,0.352651017294
954,0.197192397105,0.0691332843938,0.102375091975,0.352651017294
953,0.197192397105,0.0691332843938,0.102375091975,0.352651017294
952,0.197428432399,0.0692115622803,0.102492728154,0.352703202552
951,0.197428432399,0.0692115622803,0.102492728154,0.352703202552
950,0.197428432399,0.0692115622803,0.102492728154,0.352703202552
949,0.197428432399,0.0692115622803,0.102492728154,0.352703202552
948,0.197428432399,0.0692115622803,0.102492728154,0.352703202552
947,0.197428432399,0.0692115622803,0.102492728154,0.352703202552
946,0.195145327376,0.0692115622803,0.102182417087,0.35250467168
945,0.208843957513,0.0695377201407,0.104335405929,0.352722110254
944,0.22254258765,0.0698063207316,0.10627629387,0.352901177315
943,0.22254258765,0.0698063207316,0.10627629387,0.352901177315
942,0.22254258765,0.0698063207316,0.10627629387,0.352901177315
941,0.22254258765,0.0698063207316,0.10627629387,0.352901177315
940,0.22254258765,0.0698063207316,0.10627629387,0.352901177315
939,0.222732846402,0.0698845986181,0.106388705354,0.352953362572
938,0.222732846402,0.0698845986181,0.106388705354,0.352953362572
937,0.222732846402,0.0698845986181,0.106388705354,0.352953362572
936,0.236431476539,0.0703919552899,0.108485025583,0.353291600353
935,0.236431476539,0.0703919552899,0.108485025583,0.353291600353
934,0.236431476539,0.0707181131503,0.108871953416,0.353509038927
933,0.236431476539,0.0707181131503,0.108871953416,0.353509038927
932,0.236811994043,0.0710455051215,0.109300100087,0.353727300241
931,0.236811994043,0.0710455051215,0.109300100087,0.353727300241
930,0.25051062418,0.0714157383684,0.111145922026,0.353974122406
929,0.25051062418,0.0714157383684,0.111145922026,0.353974122406
928,0.25051062418,0.0714157383684,0.111145922026,0.353974122406
927,0.247085966645,0.0717418962289,0.111197406769,0.354082841693
926,0.247656742901,0.0726812308668,0.112381287144,0.354709064785
925,0.247131628746,0.0726812308668,0.112327133969,0.354682972156
924,0.247131628746,0.0731885875386,0.112932084361,0.355021209937
923,0.247131628746,0.0731885875386,0.112932084361,0.355021209937
922,0.247131628746,0.0731885875386,0.112932084361,0.355021209937
921,0.247131628746,0.0731885875386,0.112932084361,0.355021209937
920,0.247131628746,0.0731885875386,0.112932084361,0.355021209937
919,0.243784720193,0.0733451433116,0.112764058497,0.354864654164
918,0.243784720193,0.0733451433116,0.112764058497,0.354864654164
917,0.243784720193,0.0733451433116,0.112764058497,0.354864654164
916,0.243784720193,0.0733451433116,0.112764058497,0.354864654164
915,0.243784720193,0.0733451433116,0.112764058497,0.354864654164
914,0.243784720193,0.0733451433116,0.112764058497,0.354864654164
913,0.243784720193,0.0733451433116,0.112764058497,0.354864654164
912,0.243541145689,0.0737153765585,0.113174834892,0.3550853837
911,0.243541145689,0.0737153765585,0.113174834892,0.3550853837
910,0.243541145689,0.0737153765585,0.113174834892,0.3550853837
909,0.243541145689,0.0737153765585,0.113174834892,0.3550853837
908,0.243541145689,0.0737153765585,0.113174834892,0.3550853837
907,0.243541145689,0.0737153765585,0.113174834892,0.3550853837
906,0.244998556339,0.0748243132839,0.114637510164,0.355798582221
905,0.244998556339,0.0748243132839,0.114637510164,0.355798582221
904,0.244998556339,0.0748243132839,0.114637510164,0.355798582221
903,0.244998556339,0.0748243132839,0.114637510164,0.355798582221
902,0.244998556339,0.0748243132839,0.114637510164,0.355798582221
901,0.244998556339,0.0748243132839,0.114637510164,0.355798582221
900,0.244998556339,0.0748243132839,0.114637510164,0.355798582221
899,0.243635462639,0.0749808690569,0.114670824465,0.355652236607
898,0.243635462639,0.0749808690569,0.114670824465,0.355652236607
897,0.243635462639,0.0749808690569,0.114670824465,0.355652236607
896,0.243635462639,0.0749808690569,0.114670824465,0.355652236607
895,0.257334092776,0.0752170523351,0.116408631926,0.355809692126
894,0.257334092776,0.0752170523351,0.116408631926,0.355809692126
893,0.264404949033,0.0756297902821,0.117616752248,0.356084850757
892,0.264539910906,0.0765073265886,0.118688786387,0.356669874962
891,0.264539910906,0.0765073265886,0.118688786387,0.356669874962
890,0.264539910906,0.0765073265886,0.118688786387,0.356669874962
889,0.278238541043,0.0766037958149,0.12013295017,0.356734187779
888,0.278238541043,0.0766037958149,0.12013295017,0.356734187779
887,0.278238541043,0.0766037958149,0.12013295017,0.356734187779
886,0.277811753716,0.0779345198854,0.121722290582,0.357198182788
885,0.277811753716,0.0779345198854,0.121722290582,0.357198182788
884,0.277811753716,0.0779345198854,0.121722290582,0.357198182788
883,0.277811753716,0.0779345198854,0.121722290582,0.357198182788
882,0.277811753716,0.0779345198854,0.121722290582,0.357198182788
881,0.277811753716,0.0785615698564,0.122485753298,0.357616216102
880,0.277714698644,0.0786398477429,0.122571421292,0.35764230873
879,0.28063071314,0.0799527813846,0.124449434864,0.358292974325
878,0.28063071314,0.0799527813846,0.124449434864,0.358292974325
877,0.28063071314,0.0799527813846,0.124449434864,0.358292974325
876,0.28063071314,0.0799527813846,0.124449434864,0.358292974325
875,0.28063071314,0.0799527813846,0.124449434864,0.358292974325
874,0.28063071314,0.0801457198373,0.124683036125,0.35842159996
873,0.281865281041,0.0807363620717,0.125519438854,0.358658805676
872,0.282055539793,0.0810625199321,0.125932226195,0.35887624425
871,0.282055539793,0.0810625199321,0.125932226195,0.35887624425
870,0.282055539793,0.0810625199321,0.125932226195,0.35887624425
869,0.282055539793,0.0812732680881,0.126186390972,0.359016743021
868,0.282055539793,0.0813215027012,0.126244521028,0.359048899429
867,0.29575416993,0.0823238414918,0.12879680209,0.35971712529
866,0.309353028013,0.0850113822615,0.133371713233,0.361404448621
865,0.309353028013,0.0850113822615,0.133371713233,0.361404448621
864,0.309353028013,0.0850113822615,0.133371713233,0.361404448621
863,0.309353028013,0.0850113822615,0.133371713233,0.361404448621
862,0.309353028013,0.0850113822615,0.133371713233,0.361404448621
861,0.309353028013,0.085441964418,0.133901041902,0.361691503392
860,0.309156802383,0.085441964418,0.133882651094,0.361639318134
859,0.308771705711,0.0879599031003,0.136916387357,0.362868696922
858,0.308771705711,0.0879599031003,0.136916387357,0.362868696922
857,0.308771705711,0.0879599031003,0.136916387357,0.362868696922
856,0.308771705711,0.0879599031003,0.136916387357,0.362868696922
855,0.306031979684,0.0879599031003,0.136645166841,0.362788587973
854,0.306031979684,0.0880081377135,0.136703363052,0.362820744382
853,0.30509402642,0.0885560829189,0.137268763609,0.362768559125
852,0.30504559692,0.0895345565002,0.138436370891,0.363023813102
851,0.30504559692,0.0895345565002,0.138436370891,0.363023813102
850,0.30504559692,0.0895345565002,0.138436370891,0.363023813102
849,0.30504559692,0.0895345565002,0.138436370891,0.363023813102
848,0.30504559692,0.0897757295659,0.138724477009,0.363184595146
847,0.30504559692,0.0897757295659,0.138724477009,0.363184595146
846,0.305867156594,0.0926535930401,0.142224419067,0.36500798102
845,0.305859417255,0.0926535930401,0.142223582376,0.364991069131
844,0.305859417255,0.0926535930401,0.142223582376,0.364991069131
843,0.305859417255,0.0926535930401,0.142223582376,0.364991069131
842,0.301293207209,0.0926535930401,0.141724203313,0.364920819746
841,0.301293207209,0.0926535930401,0.141724203313,0.364920819746
840,0.301294929008,0.0928101488131,0.141907469716,0.364999097632
839,0.301227523691,0.0944052948351,0.143756897077,0.365726747906
838,0.301227523691,0.0944052948351,0.143756897077,0.365726747906
837,0.301227523691,0.0944052948351,0.143756897077,0.365726747906
836,0.301227523691,0.0944052948351,0.143756897077,0.365726747906
835,0.301227523691,0.0944052948351,0.143756897077,0.365726747906
834,0.301227523691,0.0945017640614,0.143868716588,0.365791060724
833,0.299289733955,0.0945017640614,0.143646614854,0.365658766518
832,0.299314864151,0.0948279219218,0.144026010728,0.365859293203
831,0.313013494288,0.103047100004,0.155050169571,0.371338745257
830,0.313013494288,0.103047100004,0.155050169571,0.371338745257
829,0.313013494288,0.103047100004,0.155050169571,0.371338745257
828,0.311708862846,0.103095334617,0.154944090319,0.371290792718
827,0.311600288557,0.103095334617,0.154930673103,0.37123860746
826,0.309973817109,0.103825928224,0.155550213114,0.371254171485
825,0.30912497037,0.103825928224,0.155443114885,0.370975531665
824,0.30912497037,0.103825928224,0.155443114885,0.370975531665
823,0.30912497037,0.103825928224,0.155443114885,0.370975531665
822,0.30912497037,0.103825928224,0.155443114885,0.370975531665
821,0.308516142364,0.103922397451,0.155474011624,0.370959735534
820,0.30840362455,0.104078953224,0.155634822624,0.370959735534
819,0.310686729573,0.104129688891,0.155980867936,0.370976647423
818,0.310686729573,0.104666890073,0.156582787452,0.371334781545
817,0.310686729573,0.104666890073,0.156582787452,0.371254672596
816,0.310686729573,0.104666890073,0.156582787452,0.371254672596
815,0.310686729573,0.104666890073,0.156582787452,0.371254672596
814,0.310188597568,0.104859828525,0.156735075267,0.371303189283
813,0.309514933091,0.109169461054,0.161408349135,0.373833411338
812,0.308519148055,0.109976272604,0.162151288903,0.374294292104
811,0.308519148055,0.109976272604,0.162151288903,0.374294292104
810,0.308519148055,0.109976272604,0.162151288903,0.374294292104
809,0.308519148055,0.109976272604,0.162151288903,0.374294292104
808,0.308519148055,0.110120976443,0.162308521554,0.37439076133
807,0.308785865931,0.110903755308,0.163194467458,0.374912613907
806,0.31794391644,0.113051007056,0.166794910944,0.376138887372
805,0.318657946344,0.113101742723,0.16694828154,0.376075690313
804,0.318657946344,0.113101742723,0.16694828154,0.376075690313
803,0.325507261412,0.113342069568,0.168138192602,0.376235908209
802,0.325507261412,0.113342069568,0.168138192602,0.376235908209
801,0.338925510231,0.113697521563,0.170274103618,0.376392767258
800,0.341552416156,0.114076208005,0.171029660579,0.376566946999
799,0.338665867846,0.11563680661,0.172405938452,0.377080308727
798,0.335241210311,0.11563680661,0.171958807258,0.376920090831
797,0.335241210311,0.11563680661,0.171958807258,0.376920090831
796,0.335241210311,0.11563680661,0.171958807258,0.376920090831
795,0.335255019414,0.11596296447,0.1723209947,0.377137529405
794,0.335255019414,0.116252372149,0.172640324433,0.377330467857
793,0.334799501359,0.116956873128,0.173354954197,0.377533715703
792,0.332486786803,0.117333766655,0.173455511353,0.37737549362
791,0.327007334748,0.117333766655,0.172700667072,0.375549009601
790,0.327007334748,0.117333766655,0.172700667072,0.375549009601
789,0.327007334748,0.117333766655,0.172700667072,0.375549009601
788,0.327007334748,0.117478470495,0.172857360454,0.375645478828
787,0.326010147808,0.117478470495,0.172717729157,0.375380890416
786,0.326792705971,0.119306671133,0.174797598477,0.376362479345
785,0.326568872145,0.119306671133,0.174765562358,0.376345567456
784,0.32578609328,0.119306671133,0.174653274097,0.37618534956
783,0.32578609328,0.119306671133,0.174653274097,0.37618534956
782,0.325385587202,0.119354905746,0.174647313242,0.376057288072
781,0.325385587202,0.119403140359,0.174698945959,0.376089444481
780,0.32507358175,0.120236654892,0.175543954965,0.376458810311
779,0.340744150589,0.121478343588,0.179104372991,0.376991051066
778,0.340744150589,0.121478343588,0.179104372991,0.376991051066
777,0.340744150589,0.121478343588,0.179104372991,0.376991051066
776,0.340744150589,0.121478343588,0.179104372991,0.376991051066
775,0.340189405004,0.121478343588,0.179027647273,0.376670615273
774,0.340154577978,0.121671282041,0.179232248246,0.37677314828
773,0.340713721222,0.122598257013,0.180314389976,0.377230913698
772,0.340933101894,0.122861281392,0.180629517205,0.376969185767
771,0.340933101894,0.122861281392,0.180629517205,0.376969185767
770,0.340933101894,0.122861281392,0.180629517205,0.376969185767
769,0.340933101894,0.122861281392,0.180629517205,0.376969185767
768,0.340834089686,0.122861281392,0.180615617981,0.376889076819
767,0.341013010569,0.123101608237,0.180900356635,0.377049294715
766,0.34065782163,0.124592727068,0.182454323214,0.377324134901
765,0.338054203787,0.124643462735,0.18213295463,0.376307641359
764,0.338054203787,0.124643462735,0.18213295463,0.376307641359
763,0.338054203787,0.124643462735,0.18213295463,0.376307641359
762,0.338207515739,0.124883789579,0.182411700434,0.376467859255
761,0.338123450505,0.125028493419,0.182553765177,0.376484219533
760,0.337846387283,0.125432929166,0.182943897819,0.376433407572
759,0.337073634056,0.126066222878,0.18350223692,0.375893446171
758,0.336095160475,0.126066222878,0.183356935195,0.374980204162
757,0.336095160475,0.126066222878,0.183356935195,0.374980204162
756,0.336095160475,0.126066222878,0.183356935195,0.374980204162
755,0.336236756892,0.126306549722,0.183632122854,0.375140422058
754,0.336236756892,0.126547722788,0.183886875081,0.375301204102
753,0.336128039881,0.126658540166,0.183987560036,0.374507235416
752,0.351009214473,0.128313098057,0.187928158478,0.375263986634
751,0.351009214473,0.128313098057,0.187928158478,0.375263986634
750,0.351009214473,0.128313098057,0.187928158478,0.375263986634
749,0.351009214473,0.128313098057,0.187928158478,0.375263986634
748,0.351009214473,0.128313098057,0.187928158478,0.375263986634
747,0.350914090883,0.128313098057,0.187914522349,0.375157785057
746,0.351427562252,0.130414432062,0.190233422918,0.375676876114
745,0.350577260183,0.130645412862,0.190353919141,0.374004379296
744,0.350372803016,0.130645412862,0.190323767353,0.373988301092
743,0.350372803016,0.130645412862,0.190323767353,0.373988301092
742,0.350372803016,0.130645412862,0.190323767353,0.373988301092
741,0.350381565466,0.130790116702,0.190478565285,0.374084770318
740,0.349702873304,0.131030443546,0.190632606447,0.373508901422
739,0.349545276323,0.131792813703,0.191414543905,0.373544505399
738,0.349088655318,0.131792813703,0.191346013852,0.37263126339
737,0.349088655318,0.131792813703,0.191346013852,0.37263126339
736,0.349186450933,0.131852895414,0.191424027762,0.372671317864
735,0.349186450933,0.131852895414,0.191424027762,0.372671317864
734,0.349189207196,0.131901130027,0.191475269648,0.372703474273
733,0.348038684042,0.132287369599,0.191707785499,0.372686816698
732,0.347969522646,0.132818758955,0.192254603204,0.371923111392
731,0.347692782643,0.132818758955,0.192212339936,0.371762893496
730,0.347692782643,0.132818758955,0.192212339936,0.371762893496
729,0.347670829711,0.132878840666,0.192271890434,0.371782920733
728,0.347673509411,0.132927075279,0.192322790402,0.371815077142
727,0.347569774011,0.134449145295,0.193894709002,0.372669572589
726,0.346248165671,0.134851025185,0.19410516998,0.372241434766
725,0.345877647905,0.134851025185,0.194046904291,0.372193670106
724,0.345877647905,0.134851025185,0.194046904291,0.372193670106
723,0.345877647905,0.134851025185,0.194046904291,0.372193670106
722,0.346343611538,0.135271597163,0.194555539997,0.372474051425
721,0.359857195492,0.136250070744,0.1976611579,0.373110288941
720,0.359878922106,0.13876015112,0.200292581539,0.374463240066
719,0.360733668789,0.139532046669,0.201228689287,0.374555425139
718,0.360733668789,0.140546760012,0.202281778672,0.375231900701
717,0.360733668789,0.140546760012,0.202281778672,0.375231900701
716,0.360855265506,0.140666923435,0.202425340786,0.375312009649
715,0.360855265506,0.140666923435,0.202425340786,0.375312009649
714,0.360714991548,0.141130232005,0.202882434885,0.375472509619
713,0.349304266555,0.141700670139,0.201613649697,0.374367543662
712,0.348845880432,0.141903612807,0.20174240189,0.374234918848
711,0.348845880432,0.141903612807,0.20174240189,0.374234918848
710,0.348845880432,0.141903612807,0.20174240189,0.374234918848
709,0.348758068701,0.141903612807,0.201727715081,0.3741548099
708,0.348790612168,0.143123259454,0.20296255975,0.374967907665
707,0.362685898598,0.145406898537,0.207588188439,0.376384132143
706,0.360740059779,0.145857173248,0.207725277465,0.375871149677
705,0.360720546973,0.14594973156,0.207815888279,0.375912827981
704,0.360726585158,0.145997966173,0.207865782857,0.37594498439
703,0.360726585158,0.145997966173,0.207865782857,0.37594498439
702,0.360726585158,0.145997966173,0.207865782857,0.37594498439
701,0.360726585158,0.145997966173,0.207865782857,0.37594498439
700,0.350918500663,0.14621855603,0.206425152824,0.375181772937
699,0.350348191174,0.146842503698,0.206946775508,0.375183396767
698,0.350290697892,0.146938972924,0.207032517946,0.375207655111
697,0.350290697892,0.146938972924,0.207032517946,0.375207655111
696,0.350290697892,0.146938972924,0.207032517946,0.375207655111
695,0.350253081516,0.146938972924,0.207025947426,0.375127546163
694,0.350232596008,0.147083676764,0.207165945551,0.375143906441
693,0.363860955223,0.155778681074,0.218158030065,0.380502537247
692,0.363877041343,0.156495835509,0.21886321959,0.380639612558
691,0.36388228852,0.156544070122,0.218911335079,0.380671768967
690,0.361523916299,0.157597810902,0.219506812418,0.381223904487
689,0.361523916299,0.157597810902,0.219506812418,0.381223904487
688,0.361462487062,0.157820792628,0.219711661995,0.38131247726
687,0.362134666213,0.15891084653,0.220890977691,0.381959070913
686,0.361898183991,0.159660044543,0.22156943181,0.381812144725
685,0.361879754037,0.159660044543,0.221565977539,0.381812144725
684,0.361879754037,0.159660044543,0.221565977539,0.381812144725
683,0.361879754037,0.159660044543,0.221565977539,0.381812144725
682,0.361879754037,0.159660044543,0.221565977539,0.381812144725
681,0.36246003443,0.160734987351,0.22270857567,0.382528773263
680,0.376266162334,0.164751115952,0.229161886792,0.382577668949
679,0.375880047564,0.165185039422,0.229509395332,0.382557497371
678,0.375880047564,0.165185039422,0.229509395332,0.382557497371
677,0.37585286924,0.165185039422,0.229504328729,0.382537470134
676,0.37585286924,0.165185039422,0.229504328729,0.382537470134
675,0.375846251545,0.165185039422,0.229503094976,0.382537470134
674,0.376103764565,0.16601433628,0.23035060718,0.383090334706
673,0.39003215923,0.167525416224,0.234380457525,0.383505685653
672,0.389890318715,0.167839176271,0.234661679246,0.383582534913
671,0.389890318715,0.167839176271,0.234661679246,0.383582534913
670,0.389890318715,0.167839176271,0.234661679246,0.383582534913
669,0.389890318715,0.167839176271,0.234661679246,0.383582534913
668,0.389262070358,0.168998593454,0.235677512817,0.384170282606
667,0.387879700011,0.169289655965,0.235705787716,0.384033720814
666,0.396844726121,0.170666957667,0.238685066786,0.383482812849
665,0.396580018292,0.170666957667,0.238637165334,0.383451960078
664,0.396580018292,0.170666957667,0.238637165334,0.383451960078
663,0.396620589462,0.170727039378,0.238703241375,0.383492014553
662,0.387177910371,0.170727039378,0.23696415807,0.382398219299
661,0.386458426125,0.171216276169,0.237299530866,0.382386139378
660,0.381123033789,0.172225978368,0.237243713934,0.381575923487
659,0.380761174341,0.172710637505,0.237632716789,0.381453957978
658,0.380761174341,0.172710637505,0.237632716789,0.381453957978
657,0.380761174341,0.172710637505,0.237632716789,0.381453957978
656,0.380761174341,0.172710637505,0.237632716789,0.381453957978
655,0.380761174341,0.173764378284,0.238628241462,0.382156451832
654,0.386177797029,0.177155328004,0.242888093245,0.382954788563
653,0.383412280292,0.179362596556,0.244395494447,0.383376368877
652,0.383507095332,0.179616707913,0.244650577823,0.383508837322
651,0.383507095332,0.179616707913,0.244650577823,0.383508837322
650,0.38348858367,0.179616707913,0.244646810999,0.383488810085
649,0.383470213859,0.179616707913,0.244643072794,0.383468782848
648,0.386049889331,0.181313286322,0.246741336494,0.384519726173
647,0.387033835895,0.181715166212,0.24731443065,0.383757356016
646,0.380017160274,0.183119121362,0.247145889055,0.384017486339
645,0.381720419999,0.183540617674,0.247889725264,0.384199478721
644,0.381720419999,0.183540617674,0.247889725264,0.384199478721
643,0.381720419999,0.184346419447,0.2486236174,0.384736679903
642,0.380350556985,0.184346419447,0.248332348999,0.384666430518
641,0.380706502164,0.187720086105,0.25145290119,0.386086105898
640,0.379492214434,0.189338466206,0.252632202388,0.386063527928
639,0.376200605508,0.189721654008,0.252237475786,0.385551275709
638,0.376200605508,0.189721654008,0.252237475786,0.385551275709
637,0.376200605508,0.189721654008,0.252237475786,0.385551275709
636,0.376200605508,0.189721654008,0.252237475786,0.385551275709
635,0.3762310245,0.190587537492,0.2530084556,0.386128531365
634,0.374963132877,0.191789340959,0.253775450336,0.386296300779
633,0.36829768711,0.192758659232,0.253067517472,0.384570509258
632,0.367678123697,0.193154524011,0.253261621848,0.384440680163
631,0.367678123697,0.193154524011,0.253261621848,0.384440680163
630,0.367678123697,0.193154524011,0.253261621848,0.384440680163
629,0.368155142235,0.193334769144,0.253529717955,0.384500761874
628,0.367449714919,0.194928992016,0.254727291992,0.385433246026
627,0.374194084067,0.199548417291,0.260290416201,0.385580691801
626,0.378332824775,0.203161621359,0.26436266281,0.38751291474
625,0.378150476551,0.203254179671,0.264396454624,0.387543767511
624,0.378150476551,0.203254179671,0.264396454624,0.387543767511
623,0.389093543503,0.207820389716,0.270932097064,0.390456509328
622,0.389093543503,0.207820389716,0.270932097064,0.390456509328
621,0.391332889712,0.21032877686,0.273604161977,0.391839459679
620,0.386427452038,0.214416431308,0.275800078929,0.392030974107
619,0.385357275381,0.214942913089,0.275961317159,0.391974376922
618,0.385238672523,0.214942913089,0.275930899886,0.391974376922
617,0.385238672523,0.214942913089,0.275930899886,0.391974376922
616,0.385238672523,0.214942913089,0.275930899886,0.391974376922
615,0.385244490834,0.215259748293,0.276193327956,0.392185600392
614,0.382861118663,0.215439993426,0.275726035674,0.3907617751
613,0.384528400036,0.222222316485,0.28166688389,0.394308219887
612,0.384494445839,0.222910467411,0.282209889216,0.394259621569
611,0.384494445839,0.222910467411,0.282209889216,0.394259621569
610,0.384499103926,0.222970549122,0.282259289527,0.394279648806
609,0.384470787824,0.222970549122,0.282251659439,0.394239594331
608,0.384400535897,0.223097061622,0.282334054965,0.394323935998
607,0.377709346231,0.223429513757,0.280771785645,0.392071730141
606,0.37479625134,0.224152959181,0.280530259835,0.392022774672
605,0.375185153127,0.224667013805,0.281041672011,0.392224978984
604,0.375093828927,0.224667013805,0.281016046522,0.392224978984
603,0.375093828927,0.224667013805,0.281016046522,0.392224978984
602,0.374441513206,0.22521495901,0.281260468137,0.392520026403
601,0.386851971911,0.226536756655,0.285744380165,0.392771797383
600,0.386652418258,0.227622232902,0.286551582862,0.392491861114
599,0.386664156646,0.228136287526,0.286961813554,0.392527259683
598,0.387093458445,0.230876013554,0.289239512979,0.392527259683
597,0.38594911826,0.230876013554,0.288919466029,0.392437726153
596,0.38594911826,0.230876013554,0.288919466029,0.392437726153
595,0.385946991059,0.231045867744,0.289051829953,0.391709818324
594,0.384712441656,0.231834139794,0.289319511819,0.391318386276
593,0.384180556312,0.233011741332,0.290083271466,0.390581383953
592,0.384110962876,0.233196857955,0.290206819438,0.390673942265
591,0.384098516803,0.233196857955,0.290203267111,0.390653915028
590,0.384115904474,0.233256939666,0.290254750286,0.390693969502
589,0.384115904474,0.233256939666,0.290254750286,0.390693969502
588,0.383926462871,0.233913529593,0.290708258221,0.390948589953
587,0.383254747537,0.235786160237,0.291955391573,0.390225185843
586,0.396337509061,0.237720585928,0.297189123911,0.390876237131
585,0.396337509061,0.237720585928,0.297189123911,0.390876237131
584,0.396326887942,0.237720585928,0.297186137957,0.390856209894
583,0.396326887942,0.237720585928,0.297186137957,0.390856209894
582,0.396245868426,0.237720585928,0.297163357357,0.390776100946
581,0.389344660965,0.238009147385,0.29542369732,0.39063802584
580,0.388149130944,0.239478244457,0.296205283928,0.388310271506
579,0.387457726381,0.239889470391,0.296317666704,0.388207895268
578,0.387457726381,0.239889470391,0.296317666704,0.388207895268
577,0.387457726381,0.239889470391,0.296317666704,0.388207895268
576,0.387457726381,0.239889470391,0.296317666704,0.388207895268
575,0.40114662127,0.243314127925,0.302903289134,0.390470973053
574,0.393849407813,0.243665272148,0.30106733588,0.38936279927
573,0.395298688874,0.245855934332,0.303160969214,0.390525238564
572,0.395647914043,0.246729201882,0.303927059785,0.390710355187
571,0.395522628241,0.246729201882,0.303890087393,0.390674249746
570,0.395458460582,0.246729201882,0.303871145648,0.390594140798
569,0.395344677518,0.246729201882,0.30383754855,0.390578062593
568,0.402351996868,0.250039015099,0.30841533735,0.392768526534
567,0.402759958246,0.252447624141,0.31036208155,0.393733839359
566,0.405456862392,0.254024165936,0.31235422057,0.394444560561
565,0.405451649823,0.254024165936,0.312352673783,0.394444560561
564,0.403560304867,0.254024165936,0.311789813782,0.394275441671
563,0.403576140901,0.254084247647,0.311839794261,0.394315496145
562,0.403528705115,0.254084247647,0.311825632426,0.394255414434
561,0.407068503472,0.257048278729,0.315114030986,0.395820876796
560,0.405028213273,0.258274327107,0.315416820754,0.393313724759
559,0.405106284772,0.258552002043,0.315647504292,0.393451076723
558,0.405106284772,0.258552002043,0.315647504292,0.393451076723
557,0.405106284772,0.258552002043,0.315647504292,0.393451076723
556,0.405410698775,0.258912492309,0.316008520664,0.393691403568
555,0.40733285844,0.261865079256,0.318788344227,0.395346034819
554,0.404897612236,0.262265231139,0.318334772133,0.394396337537
553,0.404609699041,0.263600628461,0.319226945645,0.394811933797
552,0.403413634623,0.263785745084,0.318989403836,0.394766225989
551,0.403395550276,0.263785745084,0.318983750094,0.394726171515
550,0.403395550276,0.263785745084,0.318983750094,0.394726171515
549,0.401872839742,0.264145190452,0.318768480668,0.394834403546
548,0.404008654996,0.265454096099,0.320393486128,0.395590792922
547,0.409244542299,0.270371938345,0.32561964964,0.397892215987
546,0.410882125184,0.274584994505,0.329183013584,0.400199109426
545,0.410807242882,0.274584994505,0.329158978979,0.400168256655
544,0.410807242882,0.274584994505,0.329158978979,0.400168256655
543,0.410807242882,0.274584994505,0.329158978979,0.400168256655
542,0.410409540717,0.274584994505,0.329031242405,0.399999137764
541,0.409361927334,0.277210565281,0.330568009937,0.400001059696
540,0.414365146236,0.279636161389,0.333922941164,0.400371395184
539,0.414517393479,0.280770773219,0.334780238336,0.400704110301
538,0.414517393479,0.280770773219,0.334780238336,0.400704110301
537,0.414517393479,0.280770773219,0.334780238336,0.400704110301
536,0.41565894599,0.281315634305,0.335539812646,0.40099710164
535,0.414398444495,0.281315634305,0.335128366151,0.400320815431
534,0.413845853039,0.28547414842,0.337877630347,0.400811551044
533,0.414310710106,0.287538186678,0.339475208555,0.40184932538
532,0.420916493972,0.288017535425,0.342010190473,0.40188789367
531,0.421048838796,0.288823337197,0.342621488366,0.402309861211
530,0.421048838796,0.288823337197,0.342621488366,0.402309861211
529,0.420995908581,0.289914483494,0.343370452169,0.402830955119
528,0.420186351295,0.290059187333,0.343202188417,0.40221645743
527,0.418291355426,0.294076262475,0.345354155181,0.403465621849
526,0.418377811534,0.296936859715,0.347348652347,0.405172939852
525,0.418053569934,0.296936859715,0.347236855491,0.404970735541
524,0.418053569934,0.296936859715,0.347236855491,0.404970735541
523,0.418045516385,0.296936859715,0.347234077378,0.404950708303
522,0.416371239368,0.297507635971,0.347043812024,0.404633610384
521,0.415586933392,0.305211952002,0.351948655131,0.406413285168
520,0.415994029614,0.30705321909,0.353316622515,0.406792183288
519,0.416843172596,0.308551075342,0.354613810405,0.407639515051
518,0.416843172596,0.308551075342,0.354613810405,0.407639515051
517,0.417976724937,0.310658556902,0.356414380209,0.40902447552
516,0.417976724937,0.310658556902,0.356414380209,0.40902447552
515,0.417573406796,0.315014480958,0.359115055552,0.409676753923
514,0.415751192779,0.317072260036,0.359767880792,0.409201827219
513,0.415758429104,0.318744344655,0.36084451347,0.409191373951
512,0.415509052873,0.318836902967,0.360809829534,0.409059419025
511,0.415509052873,0.318836902967,0.360809829534,0.409059419025
510,0.415509052873,0.318836902967,0.360809829534,0.409059419025
509,0.413944140369,0.320668350257,0.361384502127,0.408167510377
508,0.410667897632,0.322168052189,0.361074198691,0.407422516006
507,0.410486469118,0.324287682139,0.362330943166,0.407683688301
506,0.411207259146,0.326548825373,0.36402071166,0.408693577562
505,0.411150271894,0.326641383685,0.364055875933,0.408739204899
504,0.411150271894,0.326641383685,0.364055875933,0.408739204899
503,0.411663970524,0.32790587262,0.365042016606,0.409582197522
502,0.413108362997,0.330950012651,0.367493257074,0.411267155732
501,0.406040170784,0.332452055429,0.365579716543,0.40912095642
500,0.406304662732,0.33336782188,0.366240202934,0.409391592389
499,0.406328470124,0.334370299595,0.366854051454,0.409765148242
498,0.406328470124,0.334370299595,0.366854051454,0.409765148242
497,0.406328470124,0.334370299595,0.366854051454,0.409765148242
496,0.406328470124,0.334370299595,0.366854051454,0.409765148242
495,0.406328470124,0.334370299595,0.366854051454,0.409765148242
494,0.406328470124,0.334370299595,0.366854051454,0.409765148242
493,0.406328470124,0.334370299595,0.366854051454,0.409765148242
492,0.406328470124,0.334370299595,0.366854051454,0.409765148242
491,0.406328470124,0.334370299595,0.366854051454,0.409765148242
490,0.406328470124,0.334370299595,0.366854051454,0.409765148242
489,0.406328470124,0.334370299595,0.366854051454,0.409765148242
488,0.406328470124,0.334370299595,0.366854051454,0.409765148242
487,0.406328470124,0.334370299595,0.366854051454,0.409765148242
486,0.406328470124,0.334370299595,0.366854051454,0.409765148242
485,0.406328470124,0.334370299595,0.366854051454,0.409765148242
484,0.406328470124,0.334370299595,0.366854051454,0.409765148242
483,0.406328470124,0.334370299595,0.366854051454,0.409765148242
482,0.406328470124,0.334370299595,0.366854051454,0.409765148242
481,0.406328470124,0.334370299595,0.366854051454,0.409765148242
480,0.406328470124,0.334370299595,0.366854051454,0.409765148242
479,0.406328470124,0.334370299595,0.366854051454,0.409765148242
478,0.406328470124,0.334370299595,0.366854051454,0.409765148242
477,0.406328470124,0.334370299595,0.366854051454,0.409765148242
476,0.406328470124,0.334370299595,0.366854051454,0.409765148242
475,0.406328470124,0.334370299595,0.366854051454,0.409765148242
474,0.406328470124,0.334370299595,0.366854051454,0.409765148242
473,0.406328470124,0.334370299595,0.366854051454,0.409765148242
472,0.406328470124,0.334370299595,0.366854051454,0.409765148242
471,0.406328470124,0.334370299595,0.366854051454,0.409765148242
470,0.406328470124,0.334370299595,0.366854051454,0.409765148242
469,0.406328470124,0.334370299595,0.366854051454,0.409765148242
468,0.406328470124,0.334370299595,0.366854051454,0.409765148242
467,0.406328470124,0.334370299595,0.366854051454,0.409765148242
466,0.406328470124,0.334370299595,0.366854051454,0.409765148242
465,0.406328470124,0.334370299595,0.366854051454,0.409765148242
464,0.406328470124,0.334370299595,0.366854051454,0.409765148242
463,0.406328470124,0.334370299595,0.366854051454,0.409765148242
462,0.406328470124,0.334370299595,0.366854051454,0.409765148242
461,0.406328470124,0.334370299595,0.366854051454,0.409765148242
460,0.406328470124,0.334370299595,0.366854051454,0.409765148242
459,0.406328470124,0.334370299595,0.366854051454,0.409765148242
458,0.406328470124,0.334370299595,0.366854051454,0.409765148242
457,0.406328470124,0.334370299595,0.366854051454,0.409765148242
456,0.406328470124,0.334370299595,0.366854051454,0.409765148242
455,0.406328470124,0.334370299595,0.366854051454,0.409765148242
454,0.406328470124,0.334370299595,0.366854051454,0.409765148242
453,0.406328470124,0.334370299595,0.366854051454,0.409765148242
452,0.406328470124,0.334370299595,0.366854051454,0.409765148242
451,0.406328470124,0.334370299595,0.366854051454,0.409765148242
450,0.406328470124,0.334370299595,0.366854051454,0.409765148242
449,0.406328470124,0.334370299595,0.366854051454,0.409765148242
448,0.406328470124,0.334370299595,0.366854051454,0.409765148242
447,0.406328470124,0.334370299595,0.366854051454,0.409765148242
446,0.406328470124,0.334370299595,0.366854051454,0.409765148242
445,0.406328470124,0.334370299595,0.366854051454,0.409765148242
444,0.406328470124,0.334370299595,0.366854051454,0.409765148242
443,0.406328470124,0.334370299595,0.366854051454,0.409765148242
442,0.406328470124,0.334370299595,0.366854051454,0.409765148242
441,0.406328470124,0.334370299595,0.366854051454,0.409765148242
440,0.406328470124,0.334370299595,0.366854051454,0.409765148242
439,0.406328470124,0.334370299595,0.366854051454,0.409765148242
438,0.406328470124,0.334370299595,0.366854051454,0.409765148242
437,0.406328470124,0.334370299595,0.366854051454,0.409765148242
436,0.406328470124,0.334370299595,0.366854051454,0.409765148242
435,0.406328470124,0.334370299595,0.366854051454,0.409765148242
434,0.406328470124,0.334370299595,0.366854051454,0.409765148242
433,0.406328470124,0.334370299595,0.366854051454,0.409765148242
432,0.406328470124,0.334370299595,0.366854051454,0.409765148242
431,0.406328470124,0.334370299595,0.366854051454,0.409765148242
430,0.406328470124,0.334370299595,0.366854051454,0.409765148242
429,0.406328470124,0.334370299595,0.366854051454,0.409765148242
428,0.406328470124,0.334370299595,0.366854051454,0.409765148242
427,0.406328470124,0.334370299595,0.366854051454,0.409765148242
426,0.406328470124,0.334370299595,0.366854051454,0.409765148242
425,0.406328470124,0.334370299595,0.366854051454,0.409765148242
424,0.406328470124,0.334370299595,0.366854051454,0.409765148242
423,0.406328470124,0.334370299595,0.366854051454,0.409765148242
422,0.406328470124,0.334370299595,0.366854051454,0.409765148242
421,0.406328470124,0.334370299595,0.366854051454,0.409765148242
420,0.406328470124,0.334370299595,0.366854051454,0.409765148242
419,0.406328470124,0.334370299595,0.366854051454,0.409765148242
418,0.406328470124,0.334370299595,0.366854051454,0.409765148242
417,0.406328470124,0.334370299595,0.366854051454,0.409765148242
416,0.406328470124,0.334370299595,0.366854051454,0.409765148242
415,0.406328470124,0.334370299595,0.366854051454,0.409765148242
414,0.406328470124,0.334370299595,0.366854051454,0.409765148242
413,0.406328470124,0.334370299595,0.366854051454,0.409765148242
412,0.406328470124,0.334370299595,0.366854051454,0.409765148242
411,0.406328470124,0.334370299595,0.366854051454,0.409765148242
410,0.406328470124,0.334370299595,0.366854051454,0.409765148242
409,0.406328470124,0.334370299595,0.366854051454,0.409765148242
408,0.406328470124,0.334370299595,0.366854051454,0.409765148242
407,0.406328470124,0.334370299595,0.366854051454,0.409765148242
406,0.406328470124,0.334370299595,0.366854051454,0.409765148242
405,0.406328470124,0.334370299595,0.366854051454,0.409765148242
404,0.406328470124,0.334370299595,0.366854051454,0.409765148242
403,0.406328470124,0.334370299595,0.366854051454,0.409765148242
402,0.406328470124,0.334370299595,0.366854051454,0.409765148242
401,0.406328470124,0.334370299595,0.366854051454,0.409765148242
400,0.406328470124,0.334370299595,0.366854051454,0.409765148242
399,0.406328470124,0.334370299595,0.366854051454,0.409765148242
398,0.406328470124,0.334370299595,0.366854051454,0.409765148242
397,0.406328470124,0.334370299595,0.366854051454,0.409765148242
396,0.406328470124,0.334370299595,0.366854051454,0.409765148242
395,0.406328470124,0.334370299595,0.366854051454,0.409765148242
394,0.406328470124,0.334370299595,0.366854051454,0.409765148242
393,0.406328470124,0.334370299595,0.366854051454,0.409765148242
392,0.406328470124,0.334370299595,0.366854051454,0.409765148242
391,0.406328470124,0.334370299595,0.366854051454,0.409765148242
390,0.406328470124,0.334370299595,0.366854051454,0.409765148242
389,0.406328470124,0.334370299595,0.366854051454,0.409765148242
388,0.406328470124,0.334370299595,0.366854051454,0.409765148242
387,0.406328470124,0.334370299595,0.366854051454,0.409765148242
386,0.406328470124,0.334370299595,0.366854051454,0.409765148242
385,0.406328470124,0.334370299595,0.366854051454,0.409765148242
384,0.406328470124,0.334370299595,0.366854051454,0.409765148242
383,0.406328470124,0.334370299595,0.366854051454,0.409765148242
382,0.406328470124,0.334370299595,0.366854051454,0.409765148242
381,0.406328470124,0.334370299595,0.366854051454,0.409765148242
380,0.406328470124,0.334370299595,0.366854051454,0.409765148242
379,0.406328470124,0.334370299595,0.366854051454,0.409765148242
378,0.406328470124,0.334370299595,0.366854051454,0.409765148242
377,0.406328470124,0.334370299595,0.366854051454,0.409765148242
376,0.406328470124,0.334370299595,0.366854051454,0.409765148242
375,0.406328470124,0.334370299595,0.366854051454,0.409765148242
374,0.406328470124,0.334370299595,0.366854051454,0.409765148242
373,0.406328470124,0.334370299595,0.366854051454,0.409765148242
372,0.406328470124,0.334370299595,0.366854051454,0.409765148242
371,0.406328470124,0.334370299595,0.366854051454,0.409765148242
370,0.406328470124,0.334370299595,0.366854051454,0.409765148242
369,0.406328470124,0.334370299595,0.366854051454,0.409765148242
368,0.406328470124,0.334370299595,0.366854051454,0.409765148242
367,0.406328470124,0.334370299595,0.366854051454,0.409765148242
366,0.406328470124,0.334370299595,0.366854051454,0.409765148242
365,0.406328470124,0.334370299595,0.366854051454,0.409765148242
364,0.406328470124,0.334370299595,0.366854051454,0.409765148242
363,0.406328470124,0.334370299595,0.366854051454,0.409765148242
362,0.406328470124,0.334370299595,0.366854051454,0.409765148242
361,0.406328470124,0.334370299595,0.366854051454,0.409765148242
360,0.406328470124,0.334370299595,0.366854051454,0.409765148242
359,0.406328470124,0.334370299595,0.366854051454,0.409765148242
358,0.406328470124,0.334370299595,0.366854051454,0.409765148242
357,0.406328470124,0.334370299595,0.366854051454,0.409765148242
356,0.406328470124,0.334370299595,0.366854051454,0.409765148242
355,0.406328470124,0.334370299595,0.366854051454,0.409765148242
354,0.406328470124,0.334370299595,0.366854051454,0.409765148242
353,0.406328470124,0.334370299595,0.366854051454,0.409765148242
352,0.406328470124,0.334370299595,0.366854051454,0.409765148242
351,0.406328470124,0.334370299595,0.366854051454,0.409765148242
350,0.406328470124,0.334370299595,0.366854051454,0.409765148242
349,0.406328470124,0.334370299595,0.366854051454,0.409765148242
348,0.406328470124,0.334370299595,0.366854051454,0.409765148242
347,0.406328470124,0.334370299595,0.366854051454,0.409765148242
346,0.406328470124,0.334370299595,0.366854051454,0.409765148242
345,0.406328470124,0.334370299595,0.366854051454,0.409765148242
344,0.406328470124,0.334370299595,0.366854051454,0.409765148242
343,0.406328470124,0.334370299595,0.366854051454,0.409765148242
342,0.406328470124,0.334370299595,0.366854051454,0.409765148242
341,0.406328470124,0.334370299595,0.366854051454,0.409765148242
340,0.406328470124,0.334370299595,0.366854051454,0.409765148242
339,0.406328470124,0.334370299595,0.366854051454,0.409765148242
338,0.406328470124,0.334370299595,0.366854051454,0.409765148242
337,0.406328470124,0.334370299595,0.366854051454,0.409765148242
336,0.406328470124,0.334370299595,0.366854051454,0.409765148242
335,0.406328470124,0.334370299595,0.366854051454,0.409765148242
334,0.406328470124,0.334370299595,0.366854051454,0.409765148242
333,0.406328470124,0.334370299595,0.366854051454,0.409765148242
332,0.406328470124,0.334370299595,0.366854051454,0.409765148242
331,0.406328470124,0.334370299595,0.366854051454,0.409765148242
330,0.406328470124,0.334370299595,0.366854051454,0.409765148242
329,0.406328470124,0.334370299595,0.366854051454,0.409765148242
328,0.406328470124,0.334370299595,0.366854051454,0.409765148242
327,0.406328470124,0.334370299595,0.366854051454,0.409765148242
326,0.406328470124,0.334370299595,0.366854051454,0.409765148242
325,0.406328470124,0.334370299595,0.366854051454,0.409765148242
324,0.406328470124,0.334370299595,0.366854051454,0.409765148242
323,0.406328470124,0.334370299595,0.366854051454,0.409765148242
322,0.406328470124,0.334370299595,0.366854051454,0.409765148242
321,0.406328470124,0.334370299595,0.366854051454,0.409765148242
320,0.406328470124,0.334370299595,0.366854051454,0.409765148242
319,0.406328470124,0.334370299595,0.366854051454,0.409765148242
318,0.406328470124,0.334370299595,0.366854051454,0.409765148242
317,0.406328470124,0.334370299595,0.366854051454,0.409765148242
316,0.406328470124,0.334370299595,0.366854051454,0.409765148242
315,0.406328470124,0.334370299595,0.366854051454,0.409765148242
314,0.406328470124,0.334370299595,0.366854051454,0.409765148242
313,0.406328470124,0.334370299595,0.366854051454,0.409765148242
312,0.406328470124,0.334370299595,0.366854051454,0.409765148242
311,0.406328470124,0.334370299595,0.366854051454,0.409765148242
310,0.406328470124,0.334370299595,0.366854051454,0.409765148242
309,0.406328470124,0.334370299595,0.366854051454,0.409765148242
308,0.406328470124,0.334370299595,0.366854051454,0.409765148242
307,0.406328470124,0.334370299595,0.366854051454,0.409765148242
306,0.406328470124,0.334370299595,0.366854051454,0.409765148242
305,0.406328470124,0.334370299595,0.366854051454,0.409765148242
304,0.406328470124,0.334370299595,0.366854051454,0.409765148242
303,0.406328470124,0.334370299595,0.366854051454,0.409765148242
302,0.406328470124,0.334370299595,0.366854051454,0.409765148242
301,0.406328470124,0.334370299595,0.366854051454,0.409765148242
300,0.406328470124,0.334370299595,0.366854051454,0.409765148242
299,0.406328470124,0.334370299595,0.366854051454,0.409765148242
298,0.406328470124,0.334370299595,0.366854051454,0.409765148242
297,0.406328470124,0.334370299595,0.366854051454,0.409765148242
296,0.406328470124,0.334370299595,0.366854051454,0.409765148242
295,0.406328470124,0.334370299595,0.366854051454,0.409765148242
294,0.406328470124,0.334370299595,0.366854051454,0.409765148242
293,0.406328470124,0.334370299595,0.366854051454,0.409765148242
292,0.406328470124,0.334370299595,0.366854051454,0.409765148242
291,0.406328470124,0.334370299595,0.366854051454,0.409765148242
290,0.406328470124,0.334370299595,0.366854051454,0.409765148242
289,0.406328470124,0.334370299595,0.366854051454,0.409765148242
288,0.406328470124,0.334370299595,0.366854051454,0.409765148242
287,0.406328470124,0.334370299595,0.366854051454,0.409765148242
286,0.406328470124,0.334370299595,0.366854051454,0.409765148242
285,0.406328470124,0.334370299595,0.366854051454,0.409765148242
284,0.406328470124,0.334370299595,0.366854051454,0.409765148242
283,0.406328470124,0.334370299595,0.366854051454,0.409765148242
282,0.406328470124,0.334370299595,0.366854051454,0.409765148242
281,0.406328470124,0.334370299595,0.366854051454,0.409765148242
280,0.406328470124,0.334370299595,0.366854051454,0.409765148242
279,0.406328470124,0.334370299595,0.366854051454,0.409765148242
278,0.406328470124,0.334370299595,0.366854051454,0.409765148242
277,0.406328470124,0.334370299595,0.366854051454,0.409765148242
276,0.406328470124,0.334370299595,0.366854051454,0.409765148242
275,0.406328470124,0.334370299595,0.366854051454,0.409765148242
274,0.406328470124,0.334370299595,0.366854051454,0.409765148242
273,0.406328470124,0.334370299595,0.366854051454,0.409765148242
272,0.406328470124,0.334370299595,0.366854051454,0.409765148242
271,0.406328470124,0.334370299595,0.366854051454,0.409765148242
270,0.406328470124,0.334370299595,0.366854051454,0.409765148242
269,0.406328470124,0.334370299595,0.366854051454,0.409765148242
268,0.406328470124,0.334370299595,0.366854051454,0.409765148242
267,0.406328470124,0.334370299595,0.366854051454,0.409765148242
266,0.406328470124,0.334370299595,0.366854051454,0.409765148242
265,0.406328470124,0.334370299595,0.366854051454,0.409765148242
264,0.406328470124,0.334370299595,0.366854051454,0.409765148242
263,0.406328470124,0.334370299595,0.366854051454,0.409765148242
262,0.406328470124,0.334370299595,0.366854051454,0.409765148242
261,0.406328470124,0.334370299595,0.366854051454,0.409765148242
260,0.406328470124,0.334370299595,0.366854051454,0.409765148242
259,0.406328470124,0.334370299595,0.366854051454,0.409765148242
258,0.406328470124,0.334370299595,0.366854051454,0.409765148242
257,0.406328470124,0.334370299595,0.366854051454,0.409765148242
256,0.406328470124,0.334370299595,0.366854051454,0.409765148242
255,0.406328470124,0.334370299595,0.366854051454,0.409765148242
254,0.406328470124,0.334370299595,0.366854051454,0.409765148242
253,0.406328470124,0.334370299595,0.366854051454,0.409765148242
252,0.406328470124,0.334370299595,0.366854051454,0.409765148242
251,0.406328470124,0.334370299595,0.366854051454,0.409765148242
250,0.406328470124,0.334370299595,0.366854051454,0.409765148242
249,0.406328470124,0.334370299595,0.366854051454,0.409765148242
248,0.406328470124,0.334370299595,0.366854051454,0.409765148242
247,0.406328470124,0.334370299595,0.366854051454,0.409765148242
246,0.406328470124,0.334370299595,0.366854051454,0.409765148242
245,0.406328470124,0.334370299595,0.366854051454,0.409765148242
244,0.406328470124,0.334370299595,0.366854051454,0.409765148242
243,0.406328470124,0.334370299595,0.366854051454,0.409765148242
242,0.406328470124,0.334370299595,0.366854051454,0.409765148242
241,0.406328470124,0.334370299595,0.366854051454,0.409765148242
240,0.406328470124,0.334370299595,0.366854051454,0.409765148242
239,0.406328470124,0.334370299595,0.366854051454,0.409765148242
238,0.406328470124,0.334370299595,0.366854051454,0.409765148242
237,0.406328470124,0.334370299595,0.366854051454,0.409765148242
236,0.406328470124,0.334370299595,0.366854051454,0.409765148242
235,0.406328470124,0.334370299595,0.366854051454,0.409765148242
234,0.406328470124,0.334370299595,0.366854051454,0.409765148242
233,0.406328470124,0.334370299595,0.366854051454,0.409765148242
232,0.406328470124,0.334370299595,0.366854051454,0.409765148242
231,0.406328470124,0.334370299595,0.366854051454,0.409765148242
230,0.406328470124,0.334370299595,0.366854051454,0.409765148242
229,0.406328470124,0.334370299595,0.366854051454,0.409765148242
228,0.406328470124,0.334370299595,0.366854051454,0.409765148242
227,0.406328470124,0.334370299595,0.366854051454,0.409765148242
226,0.406328470124,0.334370299595,0.366854051454,0.409765148242
225,0.406328470124,0.334370299595,0.366854051454,0.409765148242
224,0.406328470124,0.334370299595,0.366854051454,0.409765148242
223,0.406328470124,0.334370299595,0.366854051454,0.409765148242
222,0.406328470124,0.334370299595,0.366854051454,0.409765148242
221,0.406328470124,0.334370299595,0.366854051454,0.409765148242
220,0.406328470124,0.334370299595,0.366854051454,0.409765148242
219,0.406328470124,0.334370299595,0.366854051454,0.409765148242
218,0.406328470124,0.334370299595,0.366854051454,0.409765148242
217,0.406328470124,0.334370299595,0.366854051454,0.409765148242
216,0.406328470124,0.334370299595,0.366854051454,0.409765148242
215,0.406328470124,0.334370299595,0.366854051454,0.409765148242
214,0.406328470124,0.334370299595,0.366854051454,0.409765148242
213,0.406328470124,0.334370299595,0.366854051454,0.409765148242
212,0.406328470124,0.334370299595,0.366854051454,0.409765148242
211,0.406328470124,0.334370299595,0.366854051454,0.409765148242
210,0.406328470124,0.334370299595,0.366854051454,0.409765148242
209,0.406328470124,0.334370299595,0.366854051454,0.409765148242
208,0.406328470124,0.334370299595,0.366854051454,0.409765148242
207,0.406328470124,0.334370299595,0.366854051454,0.409765148242
206,0.406328470124,0.334370299595,0.366854051454,0.409765148242
205,0.406328470124,0.334370299595,0.366854051454,0.409765148242
204,0.406328470124,0.334370299595,0.366854051454,0.409765148242
203,0.406328470124,0.334370299595,0.366854051454,0.409765148242
202,0.406328470124,0.334370299595,0.366854051454,0.409765148242
201,0.406328470124,0.334370299595,0.366854051454,0.409765148242
200,0.406328470124,0.334370299595,0.366854051454,0.409765148242
199,0.406328470124,0.334370299595,0.366854051454,0.409765148242
198,0.406328470124,0.334370299595,0.366854051454,0.409765148242
197,0.406328470124,0.334370299595,0.366854051454,0.409765148242
196,0.406328470124,0.334370299595,0.366854051454,0.409765148242
195,0.406328470124,0.334370299595,0.366854051454,0.409765148242
194,0.406328470124,0.334370299595,0.366854051454,0.409765148242
193,0.406328470124,0.334370299595,0.366854051454,0.409765148242
192,0.406328470124,0.334370299595,0.366854051454,0.409765148242
191,0.406328470124,0.334370299595,0.366854051454,0.409765148242
190,0.406328470124,0.334370299595,0.366854051454,0.409765148242
189,0.406328470124,0.334370299595,0.366854051454,0.409765148242
188,0.406328470124,0.334370299595,0.366854051454,0.409765148242
187,0.406328470124,0.334370299595,0.366854051454,0.409765148242
186,0.406328470124,0.334370299595,0.366854051454,0.409765148242
185,0.406328470124,0.334370299595,0.366854051454,0.409765148242
184,0.406328470124,0.334370299595,0.366854051454,0.409765148242
183,0.406328470124,0.334370299595,0.366854051454,0.409765148242
182,0.406328470124,0.334370299595,0.366854051454,0.409765148242
181,0.406328470124,0.334370299595,0.366854051454,0.409765148242
180,0.406328470124,0.334370299595,0.366854051454,0.409765148242
179,0.406328470124,0.334370299595,0.366854051454,0.409765148242
178,0.406328470124,0.334370299595,0.366854051454,0.409765148242
177,0.406328470124,0.334370299595,0.366854051454,0.409765148242
176,0.406328470124,0.334370299595,0.366854051454,0.409765148242
175,0.406328470124,0.334370299595,0.366854051454,0.409765148242
174,0.406328470124,0.334370299595,0.366854051454,0.409765148242
173,0.406328470124,0.334370299595,0.366854051454,0.409765148242
172,0.406328470124,0.334370299595,0.366854051454,0.409765148242
171,0.406328470124,0.334370299595,0.366854051454,0.409765148242
170,0.406328470124,0.334370299595,0.366854051454,0.409765148242
169,0.406328470124,0.334370299595,0.366854051454,0.409765148242
168,0.406328470124,0.334370299595,0.366854051454,0.409765148242
167,0.406328470124,0.334370299595,0.366854051454,0.409765148242
166,0.406328470124,0.334370299595,0.366854051454,0.409765148242
165,0.406328470124,0.334370299595,0.366854051454,0.409765148242
164,0.406328470124,0.334370299595,0.366854051454,0.409765148242
163,0.406328470124,0.334370299595,0.366854051454,0.409765148242
162,0.406328470124,0.334370299595,0.366854051454,0.409765148242
161,0.406328470124,0.334370299595,0.366854051454,0.409765148242
160,0.406328470124,0.334370299595,0.366854051454,0.409765148242
159,0.406328470124,0.334370299595,0.366854051454,0.409765148242
158,0.406328470124,0.334370299595,0.366854051454,0.409765148242
157,0.406328470124,0.334370299595,0.366854051454,0.409765148242
156,0.406328470124,0.334370299595,0.366854051454,0.409765148242
155,0.406328470124,0.334370299595,0.366854051454,0.409765148242
154,0.406328470124,0.334370299595,0.366854051454,0.409765148242
153,0.406328470124,0.334370299595,0.366854051454,0.409765148242
152,0.406328470124,0.334370299595,0.366854051454,0.409765148242
151,0.406328470124,0.334370299595,0.366854051454,0.409765148242
150,0.406328470124,0.334370299595,0.366854051454,0.409765148242
149,0.406328470124,0.334370299595,0.366854051454,0.409765148242
148,0.406328470124,0.334370299595,0.366854051454,0.409765148242
147,0.406328470124,0.334370299595,0.366854051454,0.409765148242
146,0.406328470124,0.334370299595,0.366854051454,0.409765148242
145,0.406328470124,0.334370299595,0.366854051454,0.409765148242
144,0.406328470124,0.334370299595,0.366854051454,0.409765148242
143,0.406328470124,0.334370299595,0.366854051454,0.409765148242
142,0.406328470124,0.334370299595,0.366854051454,0.409765148242
141,0.406328470124,0.334370299595,0.366854051454,0.409765148242
140,0.406328470124,0.334370299595,0.366854051454,0.409765148242
139,0.406328470124,0.334370299595,0.366854051454,0.409765148242
138,0.406328470124,0.334370299595,0.366854051454,0.409765148242
137,0.406328470124,0.334370299595,0.366854051454,0.409765148242
136,0.406328470124,0.334370299595,0.366854051454,0.409765148242
135,0.406328470124,0.334370299595,0.366854051454,0.409765148242
134,0.406328470124,0.334370299595,0.366854051454,0.409765148242
133,0.406328470124,0.334370299595,0.366854051454,0.409765148242
132,0.406328470124,0.334370299595,0.366854051454,0.409765148242
131,0.406328470124,0.334370299595,0.366854051454,0.409765148242
130,0.406328470124,0.334370299595,0.366854051454,0.409765148242
129,0.406328470124,0.334370299595,0.366854051454,0.409765148242
128,0.406328470124,0.334370299595,0.366854051454,0.409765148242
127,0.406328470124,0.334370299595,0.366854051454,0.409765148242
126,0.406328470124,0.334370299595,0.366854051454,0.409765148242
125,0.406328470124,0.334370299595,0.366854051454,0.409765148242
124,0.406328470124,0.334370299595,0.366854051454,0.409765148242
123,0.406328470124,0.334370299595,0.366854051454,0.409765148242
122,0.406328470124,0.334370299595,0.366854051454,0.409765148242
121,0.406328470124,0.334370299595,0.366854051454,0.409765148242
120,0.406328470124,0.334370299595,0.366854051454,0.409765148242
119,0.406328470124,0.334370299595,0.366854051454,0.409765148242
118,0.406328470124,0.334370299595,0.366854051454,0.409765148242
117,0.406328470124,0.334370299595,0.366854051454,0.409765148242
116,0.406328470124,0.334370299595,0.366854051454,0.409765148242
115,0.406328470124,0.334370299595,0.366854051454,0.409765148242
114,0.406328470124,0.334370299595,0.366854051454,0.409765148242
113,0.406328470124,0.334370299595,0.366854051454,0.409765148242
112,0.406328470124,0.334370299595,0.366854051454,0.409765148242
111,0.406328470124,0.334370299595,0.366854051454,0.409765148242
110,0.406328470124,0.334370299595,0.366854051454,0.409765148242
109,0.406328470124,0.334370299595,0.366854051454,0.409765148242
108,0.406328470124,0.334370299595,0.366854051454,0.409765148242
107,0.406328470124,0.334370299595,0.366854051454,0.409765148242
106,0.406328470124,0.334370299595,0.366854051454,0.409765148242
105,0.406328470124,0.334370299595,0.366854051454,0.409765148242
104,0.406328470124,0.334370299595,0.366854051454,0.409765148242
103,0.406328470124,0.334370299595,0.366854051454,0.409765148242
102,0.406328470124,0.334370299595,0.366854051454,0.409765148242
101,0.406328470124,0.334370299595,0.366854051454,0.409765148242
100,0.406328470124,0.334370299595,0.366854051454,0.409765148242
99,0.406328470124,0.334370299595,0.366854051454,0.409765148242
98,0.406328470124,0.334370299595,0.366854051454,0.409765148242
97,0.406328470124,0.334370299595,0.366854051454,0.409765148242
96,0.406328470124,0.334370299595,0.366854051454,0.409765148242
95,0.406328470124,0.334370299595,0.366854051454,0.409765148242
94,0.406328470124,0.334370299595,0.366854051454,0.409765148242
93,0.406328470124,0.334370299595,0.366854051454,0.409765148242
92,0.406328470124,0.334370299595,0.366854051454,0.409765148242
91,0.406328470124,0.334370299595,0.366854051454,0.409765148242
90,0.406328470124,0.334370299595,0.366854051454,0.409765148242
89,0.406328470124,0.334370299595,0.366854051454,0.409765148242
88,0.406328470124,0.334370299595,0.366854051454,0.409765148242
87,0.406328470124,0.334370299595,0.366854051454,0.409765148242
86,0.406328470124,0.334370299595,0.366854051454,0.409765148242
85,0.406328470124,0.334370299595,0.366854051454,0.409765148242
84,0.406328470124,0.334370299595,0.366854051454,0.409765148242
83,0.406328470124,0.334370299595,0.366854051454,0.409765148242
82,0.406328470124,0.334370299595,0.366854051454,0.409765148242
81,0.406328470124,0.334370299595,0.366854051454,0.409765148242
80,0.406328470124,0.334370299595,0.366854051454,0.409765148242
79,0.406328470124,0.334370299595,0.366854051454,0.409765148242
78,0.406328470124,0.334370299595,0.366854051454,0.409765148242
77,0.406328470124,0.334370299595,0.366854051454,0.409765148242
76,0.406328470124,0.334370299595,0.366854051454,0.409765148242
75,0.406328470124,0.334370299595,0.366854051454,0.409765148242
74,0.406328470124,0.334370299595,0.366854051454,0.409765148242
73,0.406328470124,0.334370299595,0.366854051454,0.409765148242
72,0.406328470124,0.334370299595,0.366854051454,0.409765148242
71,0.406328470124,0.334370299595,0.366854051454,0.409765148242
70,0.406328470124,0.334370299595,0.366854051454,0.409765148242
69,0.406328470124,0.334370299595,0.366854051454,0.409765148242
68,0.406328470124,0.334370299595,0.366854051454,0.409765148242
67,0.406328470124,0.334370299595,0.366854051454,0.409765148242
66,0.406328470124,0.334370299595,0.366854051454,0.409765148242
65,0.406328470124,0.334370299595,0.366854051454,0.409765148242
64,0.406328470124,0.334370299595,0.366854051454,0.409765148242
63,0.406328470124,0.334370299595,0.366854051454,0.409765148242
62,0.406328470124,0.334370299595,0.366854051454,0.409765148242
61,0.406328470124,0.334370299595,0.366854051454,0.409765148242
60,0.406328470124,0.334370299595,0.366854051454,0.409765148242
59,0.406328470124,0.334370299595,0.366854051454,0.409765148242
58,0.406328470124,0.334370299595,0.366854051454,0.409765148242
57,0.406328470124,0.334370299595,0.366854051454,0.409765148242
56,0.406328470124,0.334370299595,0.366854051454,0.409765148242
55,0.406328470124,0.334370299595,0.366854051454,0.409765148242
54,0.406328470124,0.334370299595,0.366854051454,0.409765148242
53,0.406328470124,0.334370299595,0.366854051454,0.409765148242
52,0.406328470124,0.334370299595,0.366854051454,0.409765148242
51,0.406328470124,0.334370299595,0.366854051454,0.409765148242
50,0.406328470124,0.334370299595,0.366854051454,0.409765148242
49,0.406328470124,0.334370299595,0.366854051454,0.409765148242
48,0.406328470124,0.334370299595,0.366854051454,0.409765148242
47,0.406328470124,0.334370299595,0.366854051454,0.409765148242
46,0.406328470124,0.334370299595,0.366854051454,0.409765148242
45,0.406328470124,0.334370299595,0.366854051454,0.409765148242
44,0.406328470124,0.334370299595,0.366854051454,0.409765148242
43,0.406328470124,0.334370299595,0.366854051454,0.409765148242
42,0.406328470124,0.334370299595,0.366854051454,0.409765148242
41,0.406328470124,0.334370299595,0.366854051454,0.409765148242
40,0.406328470124,0.334370299595,0.366854051454,0.409765148242
39,0.406328470124,0.334370299595,0.366854051454,0.409765148242
38,0.406328470124,0.334370299595,0.366854051454,0.409765148242
37,0.406328470124,0.334370299595,0.366854051454,0.409765148242
36,0.406328470124,0.334370299595,0.366854051454,0.409765148242
35,0.406328470124,0.334370299595,0.366854051454,0.409765148242
34,0.406328470124,0.334370299595,0.366854051454,0.409765148242
33,0.406328470124,0.334370299595,0.366854051454,0.409765148242
32,0.406328470124,0.334370299595,0.366854051454,0.409765148242
31,0.406328470124,0.334370299595,0.366854051454,0.409765148242
30,0.406328470124,0.334370299595,0.366854051454,0.409765148242
29,0.406328470124,0.334370299595,0.366854051454,0.409765148242
28,0.406328470124,0.334370299595,0.366854051454,0.409765148242
27,0.406328470124,0.334370299595,0.366854051454,0.409765148242
26,0.406328470124,0.334370299595,0.366854051454,0.409765148242
25,0.406328470124,0.334370299595,0.366854051454,0.409765148242
24,0.406328470124,0.334370299595,0.366854051454,0.409765148242
23,0.406328470124,0.334370299595,0.366854051454,0.409765148242
22,0.406328470124,0.334370299595,0.366854051454,0.409765148242
21,0.406328470124,0.334370299595,0.366854051454,0.409765148242
20,0.406328470124,0.334370299595,0.366854051454,0.409765148242
19,0.406328470124,0.334370299595,0.366854051454,0.409765148242
18,0.406328470124,0.334370299595,0.366854051454,0.409765148242
17,0.406328470124,0.334370299595,0.366854051454,0.409765148242
16,0.406328470124,0.334370299595,0.366854051454,0.409765148242
15,0.406328470124,0.334370299595,0.366854051454,0.409765148242
14,0.406328470124,0.334370299595,0.366854051454,0.409765148242
13,0.406328470124,0.334370299595,0.366854051454,0.409765148242
12,0.406328470124,0.334370299595,0.366854051454,0.409765148242
11,0.406328470124,0.334370299595,0.366854051454,0.409765148242
10,0.406328470124,0.334370299595,0.366854051454,0.409765148242
9,0.406328470124,0.334370299595,0.366854051454,0.409765148242
8,0.406328470124,0.334370299595,0.366854051454,0.409765148242
7,0.406328470124,0.334370299595,0.366854051454,0.409765148242
6,0.406328470124,0.334370299595,0.366854051454,0.409765148242
5,0.406328470124,0.334370299595,0.366854051454,0.409765148242
4,0.406328470124,0.334370299595,0.366854051454,0.409765148242
3,0.406328470124,0.334370299595,0.366854051454,0.409765148242
2,0.406328470124,0.334370299595,0.366854051454,0.409765148242
1,0.406328470124,0.334370299595,0.366854051454,0.409765148242
0,0.406328470124,0.334370299595,0.366854051454,0.409765148242
