998,0.16043352473,0.060851262439,0.0882354602162,0.356868769415
997,0.16043352473,0.060851262439,0.0882354602162,0.356868769415
996,0.16043352473,0.060851262439,0.0882354602162,0.356868769415
995,0.16043352473,0.060851262439,0.0882354602162,0.356868769415
994,0.16043352473,0.060851262439,0.0882354602162,0.356868769415
993,0.16043352473,0.060851262439,0.0882354602162,0.356868769415
992,0.172412007247,0.0612270543315,0.0903639936216,0.352299408962
991,0.172412007247,0.0612270543315,0.0903639936216,0.352299408962
990,0.172412007247,0.0612270543315,0.0903639936216,0.352299408962
989,0.172412007247,0.0612270543315,0.0903639936216,0.352299408962
988,0.172412007247,0.0612270543315,0.0903639936216,0.352299408962
987,0.172412007247,0.0612270543315,0.0903639936216,0.352299408962
986,0.172412007247,0.0612270543315,0.0903639936216,0.352299408962
985,0.188386134874,0.0638969649467,0.0954269411232,0.3530053346
984,0.188386134874,0.0638969649467,0.0954269411232,0.3530053346
983,0.188386134874,0.0638969649467,0.0954269411232,0.3530053346
982,0.188386134874,0.0638969649467,0.0954269411232,0.3530053346
981,0.188386134874,0.0638969649467,0.0954269411232,0.3530053346
980,0.188386134874,0.0638969649467,0.0954269411232,0.3530053346
979,0.188386134874,0.0642671981936,0.0958392190586,0.352744800092
978,0.188386134874,0.0642671981936,0.0958392190586,0.352744800092
977,0.188386134874,0.0642671981936,0.0958392190586,0.352744800092
976,0.188386134874,0.0642671981936,0.0958392190586,0.352744800092
975,0.188386134874,0.0642671981936,0.0958392190586,0.352744800092
974,0.188386134874,0.0642671981936,0.0958392190586,0.352744800092
973,0.188386134874,0.0642671981936,0.0958392190586,0.352744800092
972,0.187555914866,0.0642671981936,0.0957314283556,0.352356125215
971,0.187555914866,0.0642671981936,0.0957314283556,0.352356125215
970,0.187555914866,0.0642671981936,0.0957314283556,0.352356125215
969,0.187555914866,0.0642671981936,0.0957314283556,0.352356125215
968,0.187555914866,0.0642671981936,0.0957314283556,0.352356125215
967,0.187555914866,0.0642671981936,0.0957314283556,0.352356125215
966,0.187555914866,0.0642671981936,0.0957314283556,0.352004878288
965,0.187555914866,0.0642671981936,0.0957314283556,0.352004878288
964,0.187555914866,0.0642671981936,0.0957314283556,0.352004878288
963,0.187555914866,0.0642671981936,0.0957314283556,0.352004878288
962,0.187555914866,0.0642671981936,0.0957314283556,0.352004878288
961,0.187555914866,0.0642671981936,0.0957314283556,0.352004878288
960,0.187555914866,0.0642671981936,0.0957314283556,0.352004878288
959,0.189382398884,0.0644237539666,0.0961420748416,0.352109248803
958,0.189382398884,0.0644237539666,0.0961420748416,0.352109248803
957,0.189382398884,0.0644237539666,0.0961420748416,0.352109248803
956,0.189382398884,0.0644237539666,0.0961420748416,0.352109248803
955,0.189382398884,0.0644237539666,0.0961420748416,0.352109248803
954,0.189382398884,0.0644237539666,0.0961420748416,0.352109248803
953,0.189382398884,0.0644237539666,0.0961420748416,0.352109248803
952,0.189854765441,0.0659458239818,0.0978897583631,0.352109248803
951,0.189854765441,0.0659458239818,0.0978897583631,0.352109248803
950,0.189854765441,0.0659458239818,0.0978897583631,0.352109248803
949,0.189854765441,0.0659458239818,0.0978897583631,0.352109248803
948,0.189854765441,0.0659458239818,0.0978897583631,0.352109248803
947,0.189854765441,0.0659458239818,0.0978897583631,0.352109248803
946,0.189854765441,0.0659458239818,0.0978897583631,0.351758001877
945,0.189824290179,0.0659458239818,0.0978857070044,0.351758001877
944,0.189824290179,0.0659458239818,0.0978857070044,0.351758001877
943,0.189824290179,0.0659458239818,0.0978857070044,0.351758001877
942,0.189824290179,0.0659458239818,0.0978857070044,0.351758001877
941,0.189824290179,0.0659458239818,0.0978857070044,0.351758001877
940,0.189824290179,0.0659458239818,0.0978857070044,0.351758001877
939,0.19026710208,0.0660241018683,0.0980307894801,0.351810187134
938,0.19026710208,0.0660241018683,0.0980307894801,0.351810187134
937,0.203965732217,0.06653145854,0.100334776998,0.352148424916
936,0.203965732217,0.06653145854,0.100334776998,0.352148424916
935,0.203965732217,0.06653145854,0.100334776998,0.352148424916
934,0.203965732217,0.06653145854,0.100334776998,0.352148424916
933,0.204536508473,0.066688014313,0.100581860847,0.352252795431
932,0.204523536285,0.066688014313,0.100580292285,0.352252795431
931,0.204523536285,0.066688014313,0.100580292285,0.352252795431
930,0.204523536285,0.066688014313,0.100580292285,0.352252795431
929,0.204523536285,0.066688014313,0.100580292285,0.352252795431
928,0.204523536285,0.066688014313,0.100580292285,0.352252795431
927,0.204523536285,0.066688014313,0.100580292285,0.352252795431
926,0.218412425174,0.0673618848142,0.102967076552,0.352702042432
925,0.218400216057,0.0678246763729,0.103505490721,0.353010570138
924,0.218400216057,0.0678246763729,0.103505490721,0.353010570138
923,0.218400216057,0.0678246763729,0.103505490721,0.353010570138
922,0.218400216057,0.0678246763729,0.103505490721,0.353010570138
921,0.218400216057,0.0678246763729,0.103505490721,0.353010570138
920,0.217431626047,0.0679029542594,0.103487279685,0.353036662766
919,0.23111874473,0.0689500926533,0.106213354256,0.353734755029
918,0.23111874473,0.069457449325,0.106814304111,0.35407299281
917,0.23111874473,0.069457449325,0.106814304111,0.35407299281
916,0.244817374867,0.0695175310362,0.108286411314,0.354113047284
915,0.244817374867,0.0695175310362,0.108286411314,0.354113047284
914,0.244817374867,0.0695175310362,0.108286411314,0.354113047284
913,0.259180181011,0.073744536907,0.11481948558,0.356931051198
912,0.259169309082,0.073744536907,0.114818418693,0.356931051198
911,0.259169309082,0.073744536907,0.114818418693,0.356931051198
910,0.259169309082,0.073744536907,0.114818418693,0.356931051198
909,0.259169309082,0.073744536907,0.114818418693,0.356931051198
908,0.259169309082,0.073744536907,0.114818418693,0.356931051198
907,0.257190618062,0.073744536907,0.114623077911,0.356852773312
906,0.27108952057,0.0748765555733,0.117342427203,0.357607452422
905,0.271079236313,0.0748765555733,0.117341463728,0.357607452422
904,0.271079236313,0.0748765555733,0.117341463728,0.357607452422
903,0.271079236313,0.0748765555733,0.117341463728,0.357607452422
902,0.271079236313,0.0748765555733,0.117341463728,0.357607452422
901,0.271079236313,0.0748765555733,0.117341463728,0.357607452422
900,0.270117928935,0.0748765555733,0.117251150528,0.357555267165
899,0.270108185954,0.0748765555733,0.117250232615,0.357555267165
898,0.270108185954,0.0748765555733,0.117250232615,0.357555267165
897,0.270108185954,0.0748765555733,0.117250232615,0.357555267165
896,0.270108185954,0.0748765555733,0.117250232615,0.357555267165
895,0.270108185954,0.0748765555733,0.117250232615,0.357555267165
894,0.270108185954,0.0748765555733,0.117250232615,0.357555267165
893,0.266797683671,0.0751113892328,0.1172214852,0.357294340876
892,0.25993034409,0.0751113892328,0.116545058759,0.357095810005
891,0.25993034409,0.0751113892328,0.116545058759,0.357095810005
890,0.25993034409,0.0751113892328,0.116545058759,0.357095810005
889,0.25993034409,0.0751113892328,0.116545058759,0.357095810005
888,0.25993034409,0.0751113892328,0.116545058759,0.357095810005
887,0.257421583338,0.0755941028662,0.116868690917,0.357332225036
886,0.257878204342,0.0757720071537,0.117128348617,0.357450827894
885,0.257878204342,0.0757720071537,0.117128348617,0.357450827894
884,0.257878204342,0.0757720071537,0.117128348617,0.357450827894
883,0.257878204342,0.0757720071537,0.117128348617,0.357450827894
882,0.257878204342,0.0757720071537,0.117128348617,0.357450827894
881,0.257878204342,0.0757720071537,0.117128348617,0.357450827894
880,0.258534854387,0.0761633965861,0.1176635527,0.357685661554
879,0.258526501564,0.0761633965861,0.117662687613,0.357685661554
878,0.258526501564,0.0761633965861,0.117662687613,0.357685661554
877,0.258526501564,0.0761633965861,0.117662687613,0.357685661554
876,0.258526501564,0.0761633965861,0.117662687613,0.357685661554
875,0.258526501564,0.0761633965861,0.117662687613,0.357685661554
874,0.258177046713,0.0763199523591,0.117813074318,0.357659568925
873,0.258065466392,0.0763199523591,0.117801453031,0.357633476296
872,0.258065466392,0.0763199523591,0.117801453031,0.357633476296
871,0.258065466392,0.0763199523591,0.117801453031,0.357633476296
870,0.258065466392,0.0763199523591,0.117801453031,0.357633476296
869,0.258065466392,0.0763199523591,0.117801453031,0.357633476296
868,0.258065466392,0.0763199523591,0.117801453031,0.357633476296
867,0.25630707498,0.0772592869971,0.118729608992,0.358101312553
866,0.25630707498,0.0779116027179,0.11949837835,0.358536189701
865,0.269694372614,0.0779623383851,0.120958424061,0.358551299503
864,0.269694372614,0.0779623383851,0.120958424061,0.358551299503
863,0.269694372614,0.0779623383851,0.120958424061,0.358551299503
862,0.269694372614,0.0779623383851,0.120958424061,0.358551299503
861,0.283393002751,0.0780588076114,0.122402595566,0.358615612321
860,0.283868649631,0.0789329106773,0.123519748627,0.359172255069
859,0.276755899367,0.0789929923884,0.122905662723,0.358975037459
858,0.276755899367,0.0789929923884,0.122905662723,0.358975037459
857,0.276755899367,0.0789929923884,0.122905662723,0.358975037459
856,0.273102931331,0.0789929923884,0.122541707089,0.358934982985
855,0.286801561468,0.0799953311789,0.125098038463,0.359603208845
854,0.286597712805,0.0800736090654,0.125174301045,0.359577116216
853,0.2889460494,0.0805199303481,0.125943480847,0.359874663738
852,0.289249082058,0.0820420003633,0.127827326961,0.359874663738
851,0.289249082058,0.0820420003633,0.127827326961,0.359874663738
850,0.289249082058,0.0820420003633,0.127827326961,0.359874663738
849,0.289249082058,0.0820420003633,0.127827326961,0.359874663738
848,0.289249082058,0.0823761132935,0.128232506577,0.360097405692
847,0.290482669213,0.0839255822878,0.130226441648,0.361104292392
846,0.288656185194,0.0839255822878,0.13004199635,0.360707230649
845,0.288656185194,0.0839255822878,0.13004199635,0.360707230649
844,0.288656185194,0.0839255822878,0.13004199635,0.360707230649
843,0.288656185194,0.0839255822878,0.13004199635,0.360707230649
842,0.288656185194,0.0839255822878,0.13004199635,0.360707230649
841,0.288905693216,0.0843169717203,0.130536837407,0.360968156938
840,0.288715369195,0.0850475653276,0.131390980511,0.361376941456
839,0.279111847518,0.0850475653276,0.130370284266,0.361144586806
838,0.279111847518,0.0850475653276,0.130370284266,0.361144586806
837,0.279111847518,0.0850475653276,0.130370284266,0.361144586806
836,0.279111847518,0.0850475653276,0.130370284266,0.361144586806
835,0.279111847518,0.0850475653276,0.130370284266,0.361144586806
834,0.277560868056,0.0851258432141,0.130292079651,0.358788308976
833,0.277560868056,0.0854520010745,0.130673778327,0.35900574755
832,0.277547031056,0.0854520010745,0.130672244809,0.35900574755
831,0.277547031056,0.0854520010745,0.130672244809,0.35900574755
830,0.277547031056,0.0854520010745,0.130672244809,0.35900574755
829,0.277547031056,0.0854520010745,0.130672244809,0.35900574755
828,0.277519135975,0.085530278961,0.130760652079,0.359031840179
827,0.277654704965,0.0870697440621,0.132567609128,0.360058150246
826,0.276676231383,0.0870697440621,0.132455781127,0.360038123009
825,0.276662995992,0.0874073863543,0.132844584746,0.360263217871
824,0.276662995992,0.0874073863543,0.132844584746,0.360263217871
823,0.276662995992,0.0874073863543,0.132844584746,0.360263217871
822,0.276622941518,0.0874073863543,0.132839966741,0.360064686999
821,0.276630550301,0.0874856642408,0.132931226218,0.359918341385
820,0.274804066283,0.0876659093741,0.132926586963,0.359958395859
819,0.274804066283,0.0877141439873,0.132982028242,0.359990552268
818,0.274804066283,0.0877623786004,0.13303745477,0.360022708677
817,0.274804066283,0.0877623786004,0.13303745477,0.360022708677
816,0.274846990348,0.0878406564869,0.133132408982,0.360074893935
815,0.274518868592,0.0879972122599,0.133273509369,0.360022708677
814,0.274399962222,0.0884016480068,0.133722718916,0.360041616379
813,0.27309533078,0.0884016480068,0.133567242443,0.359961507431
812,0.271256174579,0.0886428210726,0.133620337031,0.360088465696
811,0.271256174579,0.0886428210726,0.133620337031,0.360088465696
810,0.271256174579,0.0886428210726,0.133620337031,0.360088465696
809,0.271256174579,0.0886428210726,0.133620337031,0.360088465696
808,0.271298002457,0.0893734146799,0.134453842048,0.360575528101
807,0.271121758006,0.0897521011221,0.134860128133,0.360667767833
806,0.268955279127,0.0901032453449,0.134984922236,0.360524461826
805,0.268913484237,0.0901997145712,0.135087875372,0.360390243772
804,0.268913484237,0.0901997145712,0.135087875372,0.360390243772
803,0.268913484237,0.0901997145712,0.135087875372,0.360390243772
802,0.283095932241,0.0994365051779,0.147177427996,0.366548104176
801,0.282708926942,0.0997496167238,0.147467523338,0.366676736259
800,0.283399788592,0.100736673407,0.148638594724,0.367154528914
799,0.283475793257,0.101148745562,0.149097199951,0.36735848078
798,0.283475793257,0.101148745562,0.149097199951,0.36735848078
797,0.283475793257,0.101148745562,0.149097199951,0.36735848078
796,0.283475793257,0.101148745562,0.149097199951,0.36735848078
795,0.297237744321,0.101541484613,0.151371784945,0.367620306814
794,0.291967805876,0.101752232769,0.150911171536,0.367504245674
793,0.29459804767,0.102514602926,0.152100930727,0.367832247312
792,0.293895553817,0.102659306765,0.152166153111,0.36789489276
791,0.293895553817,0.102659306765,0.152166153111,0.36789489276
790,0.291155827789,0.102659306765,0.151796377634,0.367783521783
789,0.291155827789,0.102659306765,0.151796377634,0.367783521783
788,0.290618915771,0.102815862538,0.151894220553,0.367600873382
787,0.289699728613,0.102875944249,0.151833825629,0.3673405193
786,0.289216035217,0.103990221571,0.152976403935,0.367725385022
785,0.289191218858,0.104086690798,0.153077283212,0.367591166968
784,0.289191218858,0.104086690798,0.153077283212,0.367591166968
783,0.289191218858,0.104086690798,0.153077283212,0.367591166968
782,0.28920456168,0.104243246571,0.153248394325,0.367669444855
781,0.290036666993,0.104901804547,0.154076505304,0.367978020362
780,0.290119711803,0.105202213103,0.154412056724,0.368118211021
779,0.290296867019,0.105450889331,0.154704921536,0.368000760516
778,0.290296867019,0.105450889331,0.154704921536,0.368000760516
777,0.290296867019,0.105450889331,0.154704921536,0.368000760516
776,0.290328722182,0.105529167217,0.154793672636,0.368052945773
775,0.289746929829,0.106150240448,0.155377247324,0.367772703775
774,0.290177513959,0.106630894137,0.155953791001,0.368013030619
773,0.293710388803,0.107376086703,0.157260212447,0.368268934204
772,0.293822609219,0.107629106867,0.157547539295,0.368437614313
771,0.293822609219,0.107629106867,0.157547539295,0.368437614313
770,0.293822609219,0.10767734148,0.157599209526,0.368469770722
769,0.290389641314,0.108003499341,0.157447979063,0.367747874657
768,0.290453007243,0.108585839375,0.158075254366,0.368055992399
767,0.289798946548,0.10882616622,0.158232420975,0.367798753665
766,0.290594777827,0.109338863488,0.158892873521,0.368046646355
765,0.290450751696,0.109435332714,0.158973147044,0.368094047283
764,0.290450751696,0.109435332714,0.158973147044,0.368094047283
763,0.290475568055,0.109761490575,0.159320735738,0.368311485857
762,0.288495969099,0.110492084182,0.15978684395,0.367885306252
761,0.286415610854,0.112014154197,0.161045209032,0.368628430723
760,0.285056856681,0.11213431762,0.160953506396,0.368113953256
759,0.286022164386,0.112696753894,0.161686681972,0.368381208742
758,0.286022164386,0.112744988508,0.161736318564,0.368413365151
757,0.286022164386,0.112744988508,0.161736318564,0.368413365151
756,0.28467181509,0.113071146368,0.161854119821,0.367717561715
755,0.28371146139,0.115426730915,0.164092974026,0.366091604382
754,0.284706242865,0.116111841771,0.164951470454,0.36615975677
753,0.281500708753,0.116273394816,0.16457101031,0.3658570034
752,0.282407464669,0.116872218606,0.165325651814,0.366239307371
751,0.282407464669,0.116872218606,0.165325651814,0.366239307371
750,0.282407464669,0.116872218606,0.165325651814,0.366239307371
749,0.281721456519,0.117276654353,0.165611560455,0.365595689194
748,0.281683972705,0.117276654353,0.165605083125,0.365569596565
747,0.285745297056,0.118602636794,0.167628632893,0.365158490196
746,0.284789932241,0.118985824596,0.167845465462,0.364928844545
745,0.284773062007,0.119468170727,0.168321853564,0.365250408633
744,0.284773062007,0.119468170727,0.168321853564,0.365250408633
743,0.284803764321,0.119546448614,0.168404899947,0.36530259389
742,0.312025104659,0.122224396505,0.175645936307,0.366975625516
741,0.312055141715,0.124494150037,0.177982373887,0.368328576641
740,0.311240122271,0.125025539393,0.178391139102,0.3682635396
739,0.310841297652,0.125283561665,0.178587870195,0.368280232098
738,0.310841297652,0.125621203957,0.178930643098,0.36850532696
737,0.310841297652,0.125621203957,0.178930643098,0.36850532696
736,0.310804966926,0.12566943857,0.178973544412,0.368511390739
735,0.321477049338,0.12912733785,0.184247986665,0.369655077178
734,0.321400945837,0.130141704401,0.185265630457,0.369862624416
733,0.320632227197,0.130613012046,0.185614106527,0.369600935185
732,0.32029956249,0.13076021694,0.185706827285,0.369651307121
731,0.32029956249,0.13076021694,0.185706827285,0.369651307121
730,0.320655779879,0.132103987325,0.1871186892,0.370547154044
729,0.320655166862,0.133160738792,0.188176211477,0.371205535157
728,0.321491573606,0.133698088447,0.18885670052,0.37156376826
727,0.31915663792,0.13435898727,0.189107321863,0.371647714324
726,0.31818090235,0.13456236296,0.189136658011,0.371553664494
725,0.318172896137,0.134803536025,0.189373346697,0.371714446538
724,0.318172896137,0.134803536025,0.189373346697,0.371714446538
723,0.318221673118,0.13546744847,0.190036199036,0.372157054835
722,0.317591918277,0.137315676346,0.191732780792,0.372747539053
721,0.317634963244,0.139076910432,0.193451021878,0.373681368266
720,0.317142326275,0.139865029894,0.194119942913,0.373703430016
719,0.330688035666,0.140212931612,0.196927771025,0.373828496149
718,0.330688035666,0.140212931612,0.196927771025,0.373828496149
717,0.330712582738,0.140291209498,0.197009319217,0.373880681407
716,0.330880003778,0.142837052798,0.199536511989,0.374436357761
715,0.331654948612,0.143041509964,0.199876884604,0.374492553591
714,0.331897065194,0.144479644932,0.201321219589,0.374856159205
713,0.329868150582,0.144641197977,0.201102568873,0.374595805124
712,0.329605491602,0.144641197977,0.201053730949,0.374542787793
711,0.329605491602,0.144641197977,0.201053730949,0.374542787793
710,0.329650466233,0.144701279688,0.201120138058,0.374582842267
709,0.343490012592,0.147514391234,0.206392120754,0.375290604825
708,0.344266234551,0.148893196046,0.207879629884,0.375821219851
707,0.344687001513,0.149512884594,0.208559934257,0.37587875083
706,0.344664646942,0.149715827263,0.208753198953,0.375872520134
705,0.344499216477,0.149812296489,0.208816575804,0.375920754747
704,0.344499216477,0.149812296489,0.208816575804,0.375920754747
703,0.340778067883,0.149890574375,0.208203320654,0.373017949789
702,0.341468616009,0.151358284747,0.209745466146,0.373970330742
701,0.341688673937,0.151820246348,0.210230277587,0.373940957461
700,0.341272377902,0.15228220795,0.210593570433,0.373848327338
699,0.341328653704,0.152485150618,0.210798283543,0.373895947657
698,0.341343174928,0.152726323684,0.21103139687,0.374036702464
697,0.342173394937,0.155466049711,0.21379473271,0.375863186482
696,0.342149478666,0.156021640996,0.214314804775,0.376207488043
695,0.34200552572,0.156021640996,0.214286556713,0.376004265629
694,0.355540385908,0.157904559975,0.218685366914,0.376634515804
693,0.354921461871,0.158066113021,0.218722864457,0.376351319847
692,0.354506068809,0.158257641613,0.218827086421,0.376417300033
691,0.354506068809,0.158257641613,0.218827086421,0.376417300033
690,0.368204698946,0.159399194124,0.222483317715,0.377178335041
689,0.368131315939,0.159906550796,0.222963589092,0.3773964094
688,0.374732992345,0.16056531338,0.22480594355,0.377567159697
687,0.374693177763,0.161346554973,0.225563329402,0.37763225652
686,0.374743251271,0.161803608999,0.226018694707,0.377889194545
685,0.374735765681,0.161803608999,0.226017333189,0.377889194545
684,0.374735765681,0.161803608999,0.226017333189,0.377889194545
683,0.374007828666,0.161881886885,0.225961018685,0.376867233249
682,0.376390722373,0.162919068881,0.227406314586,0.377458551727
681,0.377578177331,0.164178648576,0.228849077378,0.377820733183
680,0.37767908869,0.164898726982,0.229566337339,0.377908251608
679,0.377671010099,0.165132078219,0.229790876739,0.377973028957
678,0.377671010099,0.165132078219,0.229790876739,0.377973028957
677,0.377671010099,0.165132078219,0.229790876739,0.377973028957
676,0.37763345747,0.165180312832,0.229830619831,0.377979092737
675,0.37662551354,0.165420639676,0.229875751349,0.377767585575
674,0.376811724519,0.166644971434,0.231090276506,0.378168130316
673,0.376304686742,0.167101592439,0.231433146085,0.378241575547
672,0.376358058028,0.16719415075,0.23153200327,0.378303281088
671,0.376056989234,0.16719415075,0.231475000496,0.377390039079
670,0.376033687507,0.167242385364,0.231516807075,0.377396102859
669,0.389824837718,0.169723931695,0.236485567466,0.37905046708
668,0.390969952911,0.171673695812,0.238585317439,0.379602506743
667,0.391058687263,0.172563439196,0.239459839612,0.37983873913
666,0.391090420277,0.173020060201,0.239905090942,0.380095388474
665,0.391095912911,0.173068294814,0.239952488405,0.380127544882
664,0.387182018586,0.173068294814,0.239210688996,0.379073804103
663,0.387189506308,0.176130228057,0.242121026079,0.380994929509
662,0.387335813754,0.177158826952,0.243119964134,0.381472319057
661,0.387477952287,0.178240297752,0.244164601666,0.381738903835
660,0.389970021991,0.179311644894,0.245664563502,0.38204691974
659,0.389763470626,0.179672803797,0.245962186571,0.382172280126
658,0.389535160124,0.179672803797,0.245916708244,0.381259038117
657,0.388100217504,0.179672803797,0.245630037417,0.381081415687
656,0.387905522921,0.179799316297,0.245709188969,0.381017496017
655,0.388431959964,0.180448557474,0.246420767467,0.381353302631
654,0.387532799745,0.180619456563,0.246398612038,0.381125950697
653,0.386588221266,0.181566745936,0.247085986762,0.381424603818
652,0.386608334913,0.181807919002,0.247313324893,0.381585385862
651,0.384211074639,0.181807919002,0.246820748853,0.380531645082
650,0.380546002218,0.182757781223,0.246928016686,0.380383824318
649,0.380380550312,0.182757781223,0.246893175273,0.380315671929
648,0.380254757055,0.182757781223,0.246866671607,0.3799752089
647,0.380815530064,0.18343295587,0.247600552105,0.38003628804
646,0.381041813498,0.184130019819,0.248282849694,0.380050084581
645,0.381039733746,0.184178254433,0.248326254644,0.38008224099
644,0.379950069985,0.184178254433,0.24809440559,0.37991916206
643,0.376272742863,0.184178254433,0.24730532127,0.378357037571
642,0.376030440138,0.184178254433,0.247252963938,0.3780285311
641,0.371485489832,0.184279725767,0.246353108367,0.377310931616
640,0.37071062573,0.184778169416,0.246626867739,0.377203134284
639,0.371060122265,0.185081475884,0.246974350773,0.377318177322
638,0.371060122265,0.185081475884,0.246974350773,0.377318177322
637,0.370146880255,0.188343054488,0.249653895977,0.378840247337
636,0.370162790395,0.188669212348,0.24994388926,0.37905768591
635,0.372178106532,0.189053914648,0.250740247636,0.379160937444
634,0.375288742226,0.190445864843,0.252670380019,0.379764788484
633,0.375092353024,0.190598071844,0.252759729022,0.379666288158
632,0.375089522123,0.190646306458,0.252801496285,0.379698444566
631,0.375089522123,0.190646306458,0.252801496285,0.379698444566
630,0.374801031092,0.191135543248,0.253165467424,0.379841496259
629,0.373644106442,0.191595193248,0.253303034021,0.379426650145
628,0.372087897906,0.191595193248,0.252944442802,0.379126241589
627,0.369832786685,0.192137124612,0.252891148769,0.378868271769
626,0.383559041773,0.192634460725,0.256464846785,0.379135152629
625,0.383512995957,0.192634460725,0.256454552738,0.379135152629
624,0.38374130646,0.193123697516,0.256938935392,0.37946131049
623,0.3839313219,0.19366116892,0.257456908689,0.379779570285
622,0.397384753788,0.196028388338,0.262544548832,0.381257580379
621,0.396489048225,0.196088470049,0.262402566618,0.380940259934
620,0.393747700035,0.196300758762,0.261988557466,0.380539944922
619,0.393797730021,0.196393317074,0.262082059142,0.380584738574
618,0.393797730021,0.196393317074,0.262082059142,0.380584738574
617,0.393769412439,0.197226831606,0.262816877032,0.381140414928
616,0.405083771213,0.204172615901,0.271501505694,0.385362720278
615,0.404996190418,0.206035148946,0.273123308216,0.386150013219
614,0.404520674483,0.206281579329,0.273231354609,0.385950440212
613,0.40471972687,0.206635621464,0.273587243518,0.386083228823
612,0.404730261239,0.20673209069,0.273674193702,0.386147541641
611,0.404730261239,0.20673209069,0.273674193702,0.386147541641
610,0.404689124212,0.20673209069,0.273664788492,0.386147541641
609,0.404448551346,0.207588255074,0.27435856197,0.386160670607
608,0.403841016847,0.208846728502,0.275314385978,0.386349641182
607,0.404274643193,0.209362323683,0.275863037182,0.386599465813
606,0.404225651274,0.209454881994,0.275931959698,0.386630318584
605,0.404213573955,0.209503116608,0.27597099711,0.386642447756
604,0.404053731049,0.209829274468,0.276216479264,0.386794087526
603,0.403558569217,0.210892222425,0.277019298204,0.38731357337
602,0.403172630234,0.211337006435,0.277311507146,0.386603951568
601,0.403442744705,0.211694254197,0.277682893742,0.386668102305
600,0.403395951313,0.211837548176,0.277795046405,0.386698955075
599,0.403231273185,0.212070899413,0.277956498722,0.386792817025
598,0.403196148492,0.212070899413,0.277948153218,0.386792817025
597,0.403559369746,0.213049372994,0.27887399166,0.387445132746
596,0.406739167633,0.21362014925,0.280120502202,0.387629263761
595,0.407141281894,0.214166404595,0.280685355747,0.387833216095
594,0.407283769059,0.214637960426,0.281123985096,0.388002801152
593,0.407642206953,0.215033825205,0.281548858633,0.388235858234
592,0.407519428025,0.215082059818,0.281560901177,0.388251936439
591,0.407780354314,0.217821785846,0.283961448683,0.388251936439
590,0.40989507086,0.220675667124,0.28689522924,0.389816286177
589,0.401649605264,0.220906647925,0.285041126757,0.3890850695
588,0.401466389544,0.22120705648,0.285244854663,0.388927966951
587,0.401653492916,0.222122396581,0.28605221184,0.389067631799
586,0.401379357461,0.222214954893,0.286059362782,0.389005926258
585,0.401391506694,0.222307513205,0.286139130663,0.389067631799
584,0.401391506694,0.222307513205,0.286139130663,0.389067631799
583,0.401300420504,0.22394179817,0.287465993466,0.389909929994
582,0.401345601286,0.225271729954,0.288571073297,0.389892535653
581,0.415407875262,0.226096367571,0.292818676436,0.389969259885
580,0.415231779621,0.226350478928,0.2929878778,0.389944637811
579,0.415279297242,0.22644303724,0.293077240162,0.390006343352
578,0.414891169388,0.22644303724,0.292980525752,0.389843264422
577,0.414372015054,0.22693227403,0.293259799665,0.389823237185
576,0.415655866196,0.228746056792,0.295094216771,0.390601840096
575,0.421243371574,0.23149502616,0.29878967029,0.391904638053
574,0.421305000763,0.232086497227,0.299297441709,0.392137254712
573,0.420935045022,0.232482362007,0.299532802357,0.392050269236
572,0.420935926889,0.23253059662,0.299573057523,0.392082425645
571,0.413748355105,0.23253059662,0.297732586235,0.391829813185
570,0.418810297517,0.236954782527,0.302666628609,0.394385401461
569,0.414001692264,0.23889311343,0.302965048481,0.393669644115
568,0.414479031258,0.239524433563,0.303600395185,0.393936537004
567,0.414536808118,0.239908054387,0.303923904992,0.394016790292
566,0.41451954674,0.24009317101,0.304067763195,0.394078495833
565,0.41451954674,0.24009317101,0.304067763195,0.394078495833
564,0.413639448834,0.240303919166,0.303999353891,0.393998904341
563,0.412907479259,0.240556610946,0.304003311991,0.393709854423
562,0.414462669123,0.243114243172,0.306463856145,0.395266681237
561,0.414694209315,0.243878242313,0.307133693841,0.395547038234
560,0.413944619133,0.244063358937,0.307074435346,0.395422527151
559,0.413935130904,0.244063358937,0.307071824602,0.395422527151
558,0.426862615802,0.247488016471,0.313318849378,0.397578182992
557,0.419994282259,0.247488016471,0.311449613101,0.397070826321
556,0.424691572927,0.251430099795,0.315861031738,0.399182059589
555,0.425921850004,0.253142510121,0.317551420916,0.399762847421
554,0.427648881826,0.254569829427,0.319154256854,0.400584062528
553,0.427486554429,0.25475494605,0.319254440061,0.400558606795
552,0.427429946313,0.25475494605,0.319238652548,0.400527754024
551,0.426451472732,0.25475494605,0.318965350101,0.399766719017
550,0.453527144765,0.260805174361,0.331168625305,0.403740903128
549,0.454688594673,0.26267618953,0.332985031051,0.404118114604
548,0.454636729983,0.264011646777,0.334042059092,0.404851316887
547,0.45415754298,0.264222394933,0.334081138267,0.404676644591
546,0.453864063718,0.264407511557,0.334149566274,0.404597851361
545,0.453069461309,0.264676112148,0.33414811038,0.404015883414
544,0.4520065877,0.264676112148,0.333858613646,0.402924398995
543,0.451153798814,0.264724346761,0.333664033238,0.402372427657
542,0.451453758088,0.26695735288,0.335515134348,0.403073908422
541,0.449933656564,0.267444110108,0.335477657596,0.403103704391
540,0.449938511541,0.268008900399,0.335923004163,0.403311337199
539,0.445083192309,0.268219648554,0.334724749656,0.403228946561
538,0.445036198724,0.268219648554,0.334711459489,0.403228946561
537,0.440800948839,0.268399893688,0.333645762135,0.402226753314
536,0.440980685231,0.269106161522,0.334242550895,0.401444949707
535,0.440608713322,0.269788217323,0.334660903436,0.401588010227
534,0.440462013593,0.270935215997,0.335499397039,0.402195350583
533,0.44052811791,0.271449270621,0.335912455145,0.402476348125
532,0.440871560859,0.272475978815,0.336797713305,0.403160820254
531,0.440635239279,0.273253777064,0.337322022566,0.402806946436
530,0.438774305866,0.274433042403,0.337669453292,0.401872116092
529,0.438220528146,0.275214104648,0.338095362205,0.400482166058
528,0.44947568798,0.276146230273,0.342109337419,0.400297597538
527,0.448721985392,0.27703495582,0.342571096022,0.400663249516
526,0.44869260041,0.277178249798,0.342672059757,0.400697073294
525,0.448584448107,0.277178249798,0.342640514791,0.400680995089
524,0.446761941332,0.277178249798,0.3421075235,0.399857014775
523,0.446358838462,0.279365224083,0.343648897327,0.399136746321
522,0.4454402866,0.280438245582,0.344185664535,0.397639035782
521,0.445118441009,0.281245732438,0.344696686702,0.397778832942
520,0.442199049931,0.281456480594,0.343975228726,0.397562362299
519,0.442201161655,0.281648009186,0.344118863037,0.397659195256
518,0.432882604737,0.281648009186,0.34126046235,0.394544520274
517,0.43244412338,0.286486251534,0.344648940225,0.396631868131
516,0.429682564549,0.287471770944,0.344477057898,0.396665027702
515,0.428411539589,0.28814811935,0.344551853849,0.39689874238
514,0.427608946752,0.28814811935,0.344291994195,0.396612022351
513,0.427623848002,0.288291413329,0.344399093503,0.3966766989
512,0.427351019438,0.288291413329,0.344310576736,0.396565327923
511,0.424944477147,0.289204655338,0.344174390084,0.395300274116
510,0.424476535335,0.290394442462,0.344861186551,0.395546321417
509,0.424106147747,0.291656158396,0.3456263867,0.395227009521
508,0.423156040002,0.292016648663,0.345562996522,0.395120402578
507,0.423191731242,0.292623261598,0.345999304055,0.395447027456
506,0.423325138625,0.293002407868,0.346308851405,0.395682879746
505,0.41610205308,0.293121526391,0.343949277671,0.394971654744
504,0.416269760199,0.294796791765,0.345157536876,0.39522998782
503,0.415776849044,0.294977036898,0.345111367993,0.394523906582
502,0.415984847965,0.295671640095,0.345658121063,0.394458334152
501,0.415888919182,0.295671640095,0.345624999106,0.394388084767
500,0.413280874479,0.295882388251,0.344864260702,0.394197449081
499,0.411020759823,0.295974946563,0.344137443342,0.393117602111
498,0.411020759823,0.295974946563,0.344137443342,0.393117602111
497,0.411020759823,0.295974946563,0.344137443342,0.393117602111
496,0.411020759823,0.295974946563,0.344137443342,0.393117602111
495,0.411020759823,0.295974946563,0.344137443342,0.393117602111
494,0.411020759823,0.295974946563,0.344137443342,0.393117602111
493,0.411020759823,0.295974946563,0.344137443342,0.393117602111
492,0.411020759823,0.295974946563,0.344137443342,0.393117602111
491,0.411020759823,0.295974946563,0.344137443342,0.393117602111
490,0.411020759823,0.295974946563,0.344137443342,0.393117602111
489,0.411020759823,0.295974946563,0.344137443342,0.393117602111
488,0.411020759823,0.295974946563,0.344137443342,0.393117602111
487,0.411020759823,0.295974946563,0.344137443342,0.393117602111
486,0.411020759823,0.295974946563,0.344137443342,0.393117602111
485,0.411020759823,0.295974946563,0.344137443342,0.393117602111
484,0.411020759823,0.295974946563,0.344137443342,0.393117602111
483,0.411020759823,0.295974946563,0.344137443342,0.393117602111
482,0.411020759823,0.295974946563,0.344137443342,0.393117602111
481,0.411020759823,0.295974946563,0.344137443342,0.393117602111
480,0.411020759823,0.295974946563,0.344137443342,0.393117602111
479,0.411020759823,0.295974946563,0.344137443342,0.393117602111
478,0.411020759823,0.295974946563,0.344137443342,0.393117602111
477,0.411020759823,0.295974946563,0.344137443342,0.393117602111
476,0.411020759823,0.295974946563,0.344137443342,0.393117602111
475,0.411020759823,0.295974946563,0.344137443342,0.393117602111
474,0.411020759823,0.295974946563,0.344137443342,0.393117602111
473,0.411020759823,0.295974946563,0.344137443342,0.393117602111
472,0.411020759823,0.295974946563,0.344137443342,0.393117602111
471,0.411020759823,0.295974946563,0.344137443342,0.393117602111
470,0.411020759823,0.295974946563,0.344137443342,0.393117602111
469,0.411020759823,0.295974946563,0.344137443342,0.393117602111
468,0.411020759823,0.295974946563,0.344137443342,0.393117602111
467,0.411020759823,0.295974946563,0.344137443342,0.393117602111
466,0.411020759823,0.295974946563,0.344137443342,0.393117602111
465,0.411020759823,0.295974946563,0.344137443342,0.393117602111
464,0.411020759823,0.295974946563,0.344137443342,0.393117602111
463,0.411020759823,0.295974946563,0.344137443342,0.393117602111
462,0.411020759823,0.295974946563,0.344137443342,0.393117602111
461,0.411020759823,0.295974946563,0.344137443342,0.393117602111
460,0.411020759823,0.295974946563,0.344137443342,0.393117602111
459,0.411020759823,0.295974946563,0.344137443342,0.393117602111
458,0.411020759823,0.295974946563,0.344137443342,0.393117602111
457,0.411020759823,0.295974946563,0.344137443342,0.393117602111
456,0.411020759823,0.295974946563,0.344137443342,0.393117602111
455,0.411020759823,0.295974946563,0.344137443342,0.393117602111
454,0.411020759823,0.295974946563,0.344137443342,0.393117602111
453,0.411020759823,0.295974946563,0.344137443342,0.393117602111
452,0.411020759823,0.295974946563,0.344137443342,0.393117602111
451,0.411020759823,0.295974946563,0.344137443342,0.393117602111
450,0.411020759823,0.295974946563,0.344137443342,0.393117602111
449,0.411020759823,0.295974946563,0.344137443342,0.393117602111
448,0.411020759823,0.295974946563,0.344137443342,0.393117602111
447,0.411020759823,0.295974946563,0.344137443342,0.393117602111
446,0.411020759823,0.295974946563,0.344137443342,0.393117602111
445,0.411020759823,0.295974946563,0.344137443342,0.393117602111
444,0.411020759823,0.295974946563,0.344137443342,0.393117602111
443,0.411020759823,0.295974946563,0.344137443342,0.393117602111
442,0.411020759823,0.295974946563,0.344137443342,0.393117602111
441,0.411020759823,0.295974946563,0.344137443342,0.393117602111
440,0.411020759823,0.295974946563,0.344137443342,0.393117602111
439,0.411020759823,0.295974946563,0.344137443342,0.393117602111
438,0.411020759823,0.295974946563,0.344137443342,0.393117602111
437,0.411020759823,0.295974946563,0.344137443342,0.393117602111
436,0.411020759823,0.295974946563,0.344137443342,0.393117602111
435,0.411020759823,0.295974946563,0.344137443342,0.393117602111
434,0.411020759823,0.295974946563,0.344137443342,0.393117602111
433,0.411020759823,0.295974946563,0.344137443342,0.393117602111
432,0.411020759823,0.295974946563,0.344137443342,0.393117602111
431,0.411020759823,0.295974946563,0.344137443342,0.393117602111
430,0.411020759823,0.295974946563,0.344137443342,0.393117602111
429,0.411020759823,0.295974946563,0.344137443342,0.393117602111
428,0.411020759823,0.295974946563,0.344137443342,0.393117602111
427,0.411020759823,0.295974946563,0.344137443342,0.393117602111
426,0.411020759823,0.295974946563,0.344137443342,0.393117602111
425,0.411020759823,0.295974946563,0.344137443342,0.393117602111
424,0.411020759823,0.295974946563,0.344137443342,0.393117602111
423,0.411020759823,0.295974946563,0.344137443342,0.393117602111
422,0.411020759823,0.295974946563,0.344137443342,0.393117602111
421,0.411020759823,0.295974946563,0.344137443342,0.393117602111
420,0.411020759823,0.295974946563,0.344137443342,0.393117602111
419,0.411020759823,0.295974946563,0.344137443342,0.393117602111
418,0.411020759823,0.295974946563,0.344137443342,0.393117602111
417,0.411020759823,0.295974946563,0.344137443342,0.393117602111
416,0.411020759823,0.295974946563,0.344137443342,0.393117602111
415,0.411020759823,0.295974946563,0.344137443342,0.393117602111
414,0.411020759823,0.295974946563,0.344137443342,0.393117602111
413,0.411020759823,0.295974946563,0.344137443342,0.393117602111
412,0.411020759823,0.295974946563,0.344137443342,0.393117602111
411,0.411020759823,0.295974946563,0.344137443342,0.393117602111
410,0.411020759823,0.295974946563,0.344137443342,0.393117602111
409,0.411020759823,0.295974946563,0.344137443342,0.393117602111
408,0.411020759823,0.295974946563,0.344137443342,0.393117602111
407,0.411020759823,0.295974946563,0.344137443342,0.393117602111
406,0.411020759823,0.295974946563,0.344137443342,0.393117602111
405,0.411020759823,0.295974946563,0.344137443342,0.393117602111
404,0.411020759823,0.295974946563,0.344137443342,0.393117602111
403,0.411020759823,0.295974946563,0.344137443342,0.393117602111
402,0.411020759823,0.295974946563,0.344137443342,0.393117602111
401,0.411020759823,0.295974946563,0.344137443342,0.393117602111
400,0.411020759823,0.295974946563,0.344137443342,0.393117602111
399,0.411020759823,0.295974946563,0.344137443342,0.393117602111
398,0.411020759823,0.295974946563,0.344137443342,0.393117602111
397,0.411020759823,0.295974946563,0.344137443342,0.393117602111
396,0.411020759823,0.295974946563,0.344137443342,0.393117602111
395,0.411020759823,0.295974946563,0.344137443342,0.393117602111
394,0.411020759823,0.295974946563,0.344137443342,0.393117602111
393,0.411020759823,0.295974946563,0.344137443342,0.393117602111
392,0.411020759823,0.295974946563,0.344137443342,0.393117602111
391,0.411020759823,0.295974946563,0.344137443342,0.393117602111
390,0.411020759823,0.295974946563,0.344137443342,0.393117602111
389,0.411020759823,0.295974946563,0.344137443342,0.393117602111
388,0.411020759823,0.295974946563,0.344137443342,0.393117602111
387,0.411020759823,0.295974946563,0.344137443342,0.393117602111
386,0.411020759823,0.295974946563,0.344137443342,0.393117602111
385,0.411020759823,0.295974946563,0.344137443342,0.393117602111
384,0.411020759823,0.295974946563,0.344137443342,0.393117602111
383,0.411020759823,0.295974946563,0.344137443342,0.393117602111
382,0.411020759823,0.295974946563,0.344137443342,0.393117602111
381,0.411020759823,0.295974946563,0.344137443342,0.393117602111
380,0.411020759823,0.295974946563,0.344137443342,0.393117602111
379,0.411020759823,0.295974946563,0.344137443342,0.393117602111
378,0.411020759823,0.295974946563,0.344137443342,0.393117602111
377,0.411020759823,0.295974946563,0.344137443342,0.393117602111
376,0.411020759823,0.295974946563,0.344137443342,0.393117602111
375,0.411020759823,0.295974946563,0.344137443342,0.393117602111
374,0.411020759823,0.295974946563,0.344137443342,0.393117602111
373,0.411020759823,0.295974946563,0.344137443342,0.393117602111
372,0.411020759823,0.295974946563,0.344137443342,0.393117602111
371,0.411020759823,0.295974946563,0.344137443342,0.393117602111
370,0.411020759823,0.295974946563,0.344137443342,0.393117602111
369,0.411020759823,0.295974946563,0.344137443342,0.393117602111
368,0.411020759823,0.295974946563,0.344137443342,0.393117602111
367,0.411020759823,0.295974946563,0.344137443342,0.393117602111
366,0.411020759823,0.295974946563,0.344137443342,0.393117602111
365,0.411020759823,0.295974946563,0.344137443342,0.393117602111
364,0.411020759823,0.295974946563,0.344137443342,0.393117602111
363,0.411020759823,0.295974946563,0.344137443342,0.393117602111
362,0.411020759823,0.295974946563,0.344137443342,0.393117602111
361,0.411020759823,0.295974946563,0.344137443342,0.393117602111
360,0.411020759823,0.295974946563,0.344137443342,0.393117602111
359,0.411020759823,0.295974946563,0.344137443342,0.393117602111
358,0.411020759823,0.295974946563,0.344137443342,0.393117602111
357,0.411020759823,0.295974946563,0.344137443342,0.393117602111
356,0.411020759823,0.295974946563,0.344137443342,0.393117602111
355,0.411020759823,0.295974946563,0.344137443342,0.393117602111
354,0.411020759823,0.295974946563,0.344137443342,0.393117602111
353,0.411020759823,0.295974946563,0.344137443342,0.393117602111
352,0.411020759823,0.295974946563,0.344137443342,0.393117602111
351,0.411020759823,0.295974946563,0.344137443342,0.393117602111
350,0.411020759823,0.295974946563,0.344137443342,0.393117602111
349,0.411020759823,0.295974946563,0.344137443342,0.393117602111
348,0.411020759823,0.295974946563,0.344137443342,0.393117602111
347,0.411020759823,0.295974946563,0.344137443342,0.393117602111
346,0.411020759823,0.295974946563,0.344137443342,0.393117602111
345,0.411020759823,0.295974946563,0.344137443342,0.393117602111
344,0.411020759823,0.295974946563,0.344137443342,0.393117602111
343,0.411020759823,0.295974946563,0.344137443342,0.393117602111
342,0.411020759823,0.295974946563,0.344137443342,0.393117602111
341,0.411020759823,0.295974946563,0.344137443342,0.393117602111
340,0.411020759823,0.295974946563,0.344137443342,0.393117602111
339,0.411020759823,0.295974946563,0.344137443342,0.393117602111
338,0.411020759823,0.295974946563,0.344137443342,0.393117602111
337,0.411020759823,0.295974946563,0.344137443342,0.393117602111
336,0.411020759823,0.295974946563,0.344137443342,0.393117602111
335,0.411020759823,0.295974946563,0.344137443342,0.393117602111
334,0.411020759823,0.295974946563,0.344137443342,0.393117602111
333,0.411020759823,0.295974946563,0.344137443342,0.393117602111
332,0.411020759823,0.295974946563,0.344137443342,0.393117602111
331,0.411020759823,0.295974946563,0.344137443342,0.393117602111
330,0.411020759823,0.295974946563,0.344137443342,0.393117602111
329,0.411020759823,0.295974946563,0.344137443342,0.393117602111
328,0.411020759823,0.295974946563,0.344137443342,0.393117602111
327,0.411020759823,0.295974946563,0.344137443342,0.393117602111
326,0.411020759823,0.295974946563,0.344137443342,0.393117602111
325,0.411020759823,0.295974946563,0.344137443342,0.393117602111
324,0.411020759823,0.295974946563,0.344137443342,0.393117602111
323,0.411020759823,0.295974946563,0.344137443342,0.393117602111
322,0.411020759823,0.295974946563,0.344137443342,0.393117602111
321,0.411020759823,0.295974946563,0.344137443342,0.393117602111
320,0.411020759823,0.295974946563,0.344137443342,0.393117602111
319,0.411020759823,0.295974946563,0.344137443342,0.393117602111
318,0.411020759823,0.295974946563,0.344137443342,0.393117602111
317,0.411020759823,0.295974946563,0.344137443342,0.393117602111
316,0.411020759823,0.295974946563,0.344137443342,0.393117602111
315,0.411020759823,0.295974946563,0.344137443342,0.393117602111
314,0.411020759823,0.295974946563,0.344137443342,0.393117602111
313,0.411020759823,0.295974946563,0.344137443342,0.393117602111
312,0.411020759823,0.295974946563,0.344137443342,0.393117602111
311,0.411020759823,0.295974946563,0.344137443342,0.393117602111
310,0.411020759823,0.295974946563,0.344137443342,0.393117602111
309,0.411020759823,0.295974946563,0.344137443342,0.393117602111
308,0.411020759823,0.295974946563,0.344137443342,0.393117602111
307,0.411020759823,0.295974946563,0.344137443342,0.393117602111
306,0.411020759823,0.295974946563,0.344137443342,0.393117602111
305,0.411020759823,0.295974946563,0.344137443342,0.393117602111
304,0.411020759823,0.295974946563,0.344137443342,0.393117602111
303,0.411020759823,0.295974946563,0.344137443342,0.393117602111
302,0.411020759823,0.295974946563,0.344137443342,0.393117602111
301,0.411020759823,0.295974946563,0.344137443342,0.393117602111
300,0.411020759823,0.295974946563,0.344137443342,0.393117602111
299,0.411020759823,0.295974946563,0.344137443342,0.393117602111
298,0.411020759823,0.295974946563,0.344137443342,0.393117602111
297,0.411020759823,0.295974946563,0.344137443342,0.393117602111
296,0.411020759823,0.295974946563,0.344137443342,0.393117602111
295,0.411020759823,0.295974946563,0.344137443342,0.393117602111
294,0.411020759823,0.295974946563,0.344137443342,0.393117602111
293,0.411020759823,0.295974946563,0.344137443342,0.393117602111
292,0.411020759823,0.295974946563,0.344137443342,0.393117602111
291,0.411020759823,0.295974946563,0.344137443342,0.393117602111
290,0.411020759823,0.295974946563,0.344137443342,0.393117602111
289,0.411020759823,0.295974946563,0.344137443342,0.393117602111
288,0.411020759823,0.295974946563,0.344137443342,0.393117602111
287,0.411020759823,0.295974946563,0.344137443342,0.393117602111
286,0.411020759823,0.295974946563,0.344137443342,0.393117602111
285,0.411020759823,0.295974946563,0.344137443342,0.393117602111
284,0.411020759823,0.295974946563,0.344137443342,0.393117602111
283,0.411020759823,0.295974946563,0.344137443342,0.393117602111
282,0.411020759823,0.295974946563,0.344137443342,0.393117602111
281,0.411020759823,0.295974946563,0.344137443342,0.393117602111
280,0.411020759823,0.295974946563,0.344137443342,0.393117602111
279,0.411020759823,0.295974946563,0.344137443342,0.393117602111
278,0.411020759823,0.295974946563,0.344137443342,0.393117602111
277,0.411020759823,0.295974946563,0.344137443342,0.393117602111
276,0.411020759823,0.295974946563,0.344137443342,0.393117602111
275,0.411020759823,0.295974946563,0.344137443342,0.393117602111
274,0.411020759823,0.295974946563,0.344137443342,0.393117602111
273,0.411020759823,0.295974946563,0.344137443342,0.393117602111
272,0.411020759823,0.295974946563,0.344137443342,0.393117602111
271,0.411020759823,0.295974946563,0.344137443342,0.393117602111
270,0.411020759823,0.295974946563,0.344137443342,0.393117602111
269,0.411020759823,0.295974946563,0.344137443342,0.393117602111
268,0.411020759823,0.295974946563,0.344137443342,0.393117602111
267,0.411020759823,0.295974946563,0.344137443342,0.393117602111
266,0.411020759823,0.295974946563,0.344137443342,0.393117602111
265,0.411020759823,0.295974946563,0.344137443342,0.393117602111
264,0.411020759823,0.295974946563,0.344137443342,0.393117602111
263,0.411020759823,0.295974946563,0.344137443342,0.393117602111
262,0.411020759823,0.295974946563,0.344137443342,0.393117602111
261,0.411020759823,0.295974946563,0.344137443342,0.393117602111
260,0.411020759823,0.295974946563,0.344137443342,0.393117602111
259,0.411020759823,0.295974946563,0.344137443342,0.393117602111
258,0.411020759823,0.295974946563,0.344137443342,0.393117602111
257,0.411020759823,0.295974946563,0.344137443342,0.393117602111
256,0.411020759823,0.295974946563,0.344137443342,0.393117602111
255,0.411020759823,0.295974946563,0.344137443342,0.393117602111
254,0.411020759823,0.295974946563,0.344137443342,0.393117602111
253,0.411020759823,0.295974946563,0.344137443342,0.393117602111
252,0.411020759823,0.295974946563,0.344137443342,0.393117602111
251,0.411020759823,0.295974946563,0.344137443342,0.393117602111
250,0.411020759823,0.295974946563,0.344137443342,0.393117602111
249,0.411020759823,0.295974946563,0.344137443342,0.393117602111
248,0.411020759823,0.295974946563,0.344137443342,0.393117602111
247,0.411020759823,0.295974946563,0.344137443342,0.393117602111
246,0.411020759823,0.295974946563,0.344137443342,0.393117602111
245,0.411020759823,0.295974946563,0.344137443342,0.393117602111
244,0.411020759823,0.295974946563,0.344137443342,0.393117602111
243,0.411020759823,0.295974946563,0.344137443342,0.393117602111
242,0.411020759823,0.295974946563,0.344137443342,0.393117602111
241,0.411020759823,0.295974946563,0.344137443342,0.393117602111
240,0.411020759823,0.295974946563,0.344137443342,0.393117602111
239,0.411020759823,0.295974946563,0.344137443342,0.393117602111
238,0.411020759823,0.295974946563,0.344137443342,0.393117602111
237,0.411020759823,0.295974946563,0.344137443342,0.393117602111
236,0.411020759823,0.295974946563,0.344137443342,0.393117602111
235,0.411020759823,0.295974946563,0.344137443342,0.393117602111
234,0.411020759823,0.295974946563,0.344137443342,0.393117602111
233,0.411020759823,0.295974946563,0.344137443342,0.393117602111
232,0.411020759823,0.295974946563,0.344137443342,0.393117602111
231,0.411020759823,0.295974946563,0.344137443342,0.393117602111
230,0.411020759823,0.295974946563,0.344137443342,0.393117602111
229,0.411020759823,0.295974946563,0.344137443342,0.393117602111
228,0.411020759823,0.295974946563,0.344137443342,0.393117602111
227,0.411020759823,0.295974946563,0.344137443342,0.393117602111
226,0.411020759823,0.295974946563,0.344137443342,0.393117602111
225,0.411020759823,0.295974946563,0.344137443342,0.393117602111
224,0.411020759823,0.295974946563,0.344137443342,0.393117602111
223,0.411020759823,0.295974946563,0.344137443342,0.393117602111
222,0.411020759823,0.295974946563,0.344137443342,0.393117602111
221,0.411020759823,0.295974946563,0.344137443342,0.393117602111
220,0.411020759823,0.295974946563,0.344137443342,0.393117602111
219,0.411020759823,0.295974946563,0.344137443342,0.393117602111
218,0.411020759823,0.295974946563,0.344137443342,0.393117602111
217,0.411020759823,0.295974946563,0.344137443342,0.393117602111
216,0.411020759823,0.295974946563,0.344137443342,0.393117602111
215,0.411020759823,0.295974946563,0.344137443342,0.393117602111
214,0.411020759823,0.295974946563,0.344137443342,0.393117602111
213,0.411020759823,0.295974946563,0.344137443342,0.393117602111
212,0.411020759823,0.295974946563,0.344137443342,0.393117602111
211,0.411020759823,0.295974946563,0.344137443342,0.393117602111
210,0.411020759823,0.295974946563,0.344137443342,0.393117602111
209,0.411020759823,0.295974946563,0.344137443342,0.393117602111
208,0.411020759823,0.295974946563,0.344137443342,0.393117602111
207,0.411020759823,0.295974946563,0.344137443342,0.393117602111
206,0.411020759823,0.295974946563,0.344137443342,0.393117602111
205,0.411020759823,0.295974946563,0.344137443342,0.393117602111
204,0.411020759823,0.295974946563,0.344137443342,0.393117602111
203,0.411020759823,0.295974946563,0.344137443342,0.393117602111
202,0.411020759823,0.295974946563,0.344137443342,0.393117602111
201,0.411020759823,0.295974946563,0.344137443342,0.393117602111
200,0.411020759823,0.295974946563,0.344137443342,0.393117602111
199,0.411020759823,0.295974946563,0.344137443342,0.393117602111
198,0.411020759823,0.295974946563,0.344137443342,0.393117602111
197,0.411020759823,0.295974946563,0.344137443342,0.393117602111
196,0.411020759823,0.295974946563,0.344137443342,0.393117602111
195,0.411020759823,0.295974946563,0.344137443342,0.393117602111
194,0.411020759823,0.295974946563,0.344137443342,0.393117602111
193,0.411020759823,0.295974946563,0.344137443342,0.393117602111
192,0.411020759823,0.295974946563,0.344137443342,0.393117602111
191,0.411020759823,0.295974946563,0.344137443342,0.393117602111
190,0.411020759823,0.295974946563,0.344137443342,0.393117602111
189,0.411020759823,0.295974946563,0.344137443342,0.393117602111
188,0.411020759823,0.295974946563,0.344137443342,0.393117602111
187,0.411020759823,0.295974946563,0.344137443342,0.393117602111
186,0.411020759823,0.295974946563,0.344137443342,0.393117602111
185,0.411020759823,0.295974946563,0.344137443342,0.393117602111
184,0.411020759823,0.295974946563,0.344137443342,0.393117602111
183,0.411020759823,0.295974946563,0.344137443342,0.393117602111
182,0.411020759823,0.295974946563,0.344137443342,0.393117602111
181,0.411020759823,0.295974946563,0.344137443342,0.393117602111
180,0.411020759823,0.295974946563,0.344137443342,0.393117602111
179,0.411020759823,0.295974946563,0.344137443342,0.393117602111
178,0.411020759823,0.295974946563,0.344137443342,0.393117602111
177,0.411020759823,0.295974946563,0.344137443342,0.393117602111
176,0.411020759823,0.295974946563,0.344137443342,0.393117602111
175,0.411020759823,0.295974946563,0.344137443342,0.393117602111
174,0.411020759823,0.295974946563,0.344137443342,0.393117602111
173,0.411020759823,0.295974946563,0.344137443342,0.393117602111
172,0.411020759823,0.295974946563,0.344137443342,0.393117602111
171,0.411020759823,0.295974946563,0.344137443342,0.393117602111
170,0.411020759823,0.295974946563,0.344137443342,0.393117602111
169,0.411020759823,0.295974946563,0.344137443342,0.393117602111
168,0.411020759823,0.295974946563,0.344137443342,0.393117602111
167,0.411020759823,0.295974946563,0.344137443342,0.393117602111
166,0.411020759823,0.295974946563,0.344137443342,0.393117602111
165,0.411020759823,0.295974946563,0.344137443342,0.393117602111
164,0.411020759823,0.295974946563,0.344137443342,0.393117602111
163,0.411020759823,0.295974946563,0.344137443342,0.393117602111
162,0.411020759823,0.295974946563,0.344137443342,0.393117602111
161,0.411020759823,0.295974946563,0.344137443342,0.393117602111
160,0.411020759823,0.295974946563,0.344137443342,0.393117602111
159,0.411020759823,0.295974946563,0.344137443342,0.393117602111
158,0.411020759823,0.295974946563,0.344137443342,0.393117602111
157,0.411020759823,0.295974946563,0.344137443342,0.393117602111
156,0.411020759823,0.295974946563,0.344137443342,0.393117602111
155,0.411020759823,0.295974946563,0.344137443342,0.393117602111
154,0.411020759823,0.295974946563,0.344137443342,0.393117602111
153,0.411020759823,0.295974946563,0.344137443342,0.393117602111
152,0.411020759823,0.295974946563,0.344137443342,0.393117602111
151,0.411020759823,0.295974946563,0.344137443342,0.393117602111
150,0.411020759823,0.295974946563,0.344137443342,0.393117602111
149,0.411020759823,0.295974946563,0.344137443342,0.393117602111
148,0.411020759823,0.295974946563,0.344137443342,0.393117602111
147,0.411020759823,0.295974946563,0.344137443342,0.393117602111
146,0.411020759823,0.295974946563,0.344137443342,0.393117602111
145,0.411020759823,0.295974946563,0.344137443342,0.393117602111
144,0.411020759823,0.295974946563,0.344137443342,0.393117602111
143,0.411020759823,0.295974946563,0.344137443342,0.393117602111
142,0.411020759823,0.295974946563,0.344137443342,0.393117602111
141,0.411020759823,0.295974946563,0.344137443342,0.393117602111
140,0.411020759823,0.295974946563,0.344137443342,0.393117602111
139,0.411020759823,0.295974946563,0.344137443342,0.393117602111
138,0.411020759823,0.295974946563,0.344137443342,0.393117602111
137,0.411020759823,0.295974946563,0.344137443342,0.393117602111
136,0.411020759823,0.295974946563,0.344137443342,0.393117602111
135,0.411020759823,0.295974946563,0.344137443342,0.393117602111
134,0.411020759823,0.295974946563,0.344137443342,0.393117602111
133,0.411020759823,0.295974946563,0.344137443342,0.393117602111
132,0.411020759823,0.295974946563,0.344137443342,0.393117602111
131,0.411020759823,0.295974946563,0.344137443342,0.393117602111
130,0.411020759823,0.295974946563,0.344137443342,0.393117602111
129,0.411020759823,0.295974946563,0.344137443342,0.393117602111
128,0.411020759823,0.295974946563,0.344137443342,0.393117602111
127,0.411020759823,0.295974946563,0.344137443342,0.393117602111
126,0.411020759823,0.295974946563,0.344137443342,0.393117602111
125,0.411020759823,0.295974946563,0.344137443342,0.393117602111
124,0.411020759823,0.295974946563,0.344137443342,0.393117602111
123,0.411020759823,0.295974946563,0.344137443342,0.393117602111
122,0.411020759823,0.295974946563,0.344137443342,0.393117602111
121,0.411020759823,0.295974946563,0.344137443342,0.393117602111
120,0.411020759823,0.295974946563,0.344137443342,0.393117602111
119,0.411020759823,0.295974946563,0.344137443342,0.393117602111
118,0.411020759823,0.295974946563,0.344137443342,0.393117602111
117,0.411020759823,0.295974946563,0.344137443342,0.393117602111
116,0.411020759823,0.295974946563,0.344137443342,0.393117602111
115,0.411020759823,0.295974946563,0.344137443342,0.393117602111
114,0.411020759823,0.295974946563,0.344137443342,0.393117602111
113,0.411020759823,0.295974946563,0.344137443342,0.393117602111
112,0.411020759823,0.295974946563,0.344137443342,0.393117602111
111,0.411020759823,0.295974946563,0.344137443342,0.393117602111
110,0.411020759823,0.295974946563,0.344137443342,0.393117602111
109,0.411020759823,0.295974946563,0.344137443342,0.393117602111
108,0.411020759823,0.295974946563,0.344137443342,0.393117602111
107,0.411020759823,0.295974946563,0.344137443342,0.393117602111
106,0.411020759823,0.295974946563,0.344137443342,0.393117602111
105,0.411020759823,0.295974946563,0.344137443342,0.393117602111
104,0.411020759823,0.295974946563,0.344137443342,0.393117602111
103,0.411020759823,0.295974946563,0.344137443342,0.393117602111
102,0.411020759823,0.295974946563,0.344137443342,0.393117602111
101,0.411020759823,0.295974946563,0.344137443342,0.393117602111
100,0.411020759823,0.295974946563,0.344137443342,0.393117602111
99,0.411020759823,0.295974946563,0.344137443342,0.393117602111
98,0.411020759823,0.295974946563,0.344137443342,0.393117602111
97,0.411020759823,0.295974946563,0.344137443342,0.393117602111
96,0.411020759823,0.295974946563,0.344137443342,0.393117602111
95,0.411020759823,0.295974946563,0.344137443342,0.393117602111
94,0.411020759823,0.295974946563,0.344137443342,0.393117602111
93,0.411020759823,0.295974946563,0.344137443342,0.393117602111
92,0.411020759823,0.295974946563,0.344137443342,0.393117602111
91,0.411020759823,0.295974946563,0.344137443342,0.393117602111
90,0.411020759823,0.295974946563,0.344137443342,0.393117602111
89,0.411020759823,0.295974946563,0.344137443342,0.393117602111
88,0.411020759823,0.295974946563,0.344137443342,0.393117602111
87,0.411020759823,0.295974946563,0.344137443342,0.393117602111
86,0.411020759823,0.295974946563,0.344137443342,0.393117602111
85,0.411020759823,0.295974946563,0.344137443342,0.393117602111
84,0.411020759823,0.295974946563,0.344137443342,0.393117602111
83,0.411020759823,0.295974946563,0.344137443342,0.393117602111
82,0.411020759823,0.295974946563,0.344137443342,0.393117602111
81,0.411020759823,0.295974946563,0.344137443342,0.393117602111
80,0.411020759823,0.295974946563,0.344137443342,0.393117602111
79,0.411020759823,0.295974946563,0.344137443342,0.393117602111
78,0.411020759823,0.295974946563,0.344137443342,0.393117602111
77,0.411020759823,0.295974946563,0.344137443342,0.393117602111
76,0.411020759823,0.295974946563,0.344137443342,0.393117602111
75,0.411020759823,0.295974946563,0.344137443342,0.393117602111
74,0.411020759823,0.295974946563,0.344137443342,0.393117602111
73,0.411020759823,0.295974946563,0.344137443342,0.393117602111
72,0.411020759823,0.295974946563,0.344137443342,0.393117602111
71,0.411020759823,0.295974946563,0.344137443342,0.393117602111
70,0.411020759823,0.295974946563,0.344137443342,0.393117602111
69,0.411020759823,0.295974946563,0.344137443342,0.393117602111
68,0.411020759823,0.295974946563,0.344137443342,0.393117602111
67,0.411020759823,0.295974946563,0.344137443342,0.393117602111
66,0.411020759823,0.295974946563,0.344137443342,0.393117602111
65,0.411020759823,0.295974946563,0.344137443342,0.393117602111
64,0.411020759823,0.295974946563,0.344137443342,0.393117602111
63,0.411020759823,0.295974946563,0.344137443342,0.393117602111
62,0.411020759823,0.295974946563,0.344137443342,0.393117602111
61,0.411020759823,0.295974946563,0.344137443342,0.393117602111
60,0.411020759823,0.295974946563,0.344137443342,0.393117602111
59,0.411020759823,0.295974946563,0.344137443342,0.393117602111
58,0.411020759823,0.295974946563,0.344137443342,0.393117602111
57,0.411020759823,0.295974946563,0.344137443342,0.393117602111
56,0.411020759823,0.295974946563,0.344137443342,0.393117602111
55,0.411020759823,0.295974946563,0.344137443342,0.393117602111
54,0.411020759823,0.295974946563,0.344137443342,0.393117602111
53,0.411020759823,0.295974946563,0.344137443342,0.393117602111
52,0.411020759823,0.295974946563,0.344137443342,0.393117602111
51,0.411020759823,0.295974946563,0.344137443342,0.393117602111
50,0.411020759823,0.295974946563,0.344137443342,0.393117602111
49,0.411020759823,0.295974946563,0.344137443342,0.393117602111
48,0.411020759823,0.295974946563,0.344137443342,0.393117602111
47,0.411020759823,0.295974946563,0.344137443342,0.393117602111
46,0.411020759823,0.295974946563,0.344137443342,0.393117602111
45,0.411020759823,0.295974946563,0.344137443342,0.393117602111
44,0.411020759823,0.295974946563,0.344137443342,0.393117602111
43,0.411020759823,0.295974946563,0.344137443342,0.393117602111
42,0.411020759823,0.295974946563,0.344137443342,0.393117602111
41,0.411020759823,0.295974946563,0.344137443342,0.393117602111
40,0.411020759823,0.295974946563,0.344137443342,0.393117602111
39,0.411020759823,0.295974946563,0.344137443342,0.393117602111
38,0.411020759823,0.295974946563,0.344137443342,0.393117602111
37,0.411020759823,0.295974946563,0.344137443342,0.393117602111
36,0.411020759823,0.295974946563,0.344137443342,0.393117602111
35,0.411020759823,0.295974946563,0.344137443342,0.393117602111
34,0.411020759823,0.295974946563,0.344137443342,0.393117602111
33,0.411020759823,0.295974946563,0.344137443342,0.393117602111
32,0.411020759823,0.295974946563,0.344137443342,0.393117602111
31,0.411020759823,0.295974946563,0.344137443342,0.393117602111
30,0.411020759823,0.295974946563,0.344137443342,0.393117602111
29,0.411020759823,0.295974946563,0.344137443342,0.393117602111
28,0.411020759823,0.295974946563,0.344137443342,0.393117602111
27,0.411020759823,0.295974946563,0.344137443342,0.393117602111
26,0.411020759823,0.295974946563,0.344137443342,0.393117602111
25,0.411020759823,0.295974946563,0.344137443342,0.393117602111
24,0.411020759823,0.295974946563,0.344137443342,0.393117602111
23,0.411020759823,0.295974946563,0.344137443342,0.393117602111
22,0.411020759823,0.295974946563,0.344137443342,0.393117602111
21,0.411020759823,0.295974946563,0.344137443342,0.393117602111
20,0.411020759823,0.295974946563,0.344137443342,0.393117602111
19,0.411020759823,0.295974946563,0.344137443342,0.393117602111
18,0.411020759823,0.295974946563,0.344137443342,0.393117602111
17,0.411020759823,0.295974946563,0.344137443342,0.393117602111
16,0.411020759823,0.295974946563,0.344137443342,0.393117602111
15,0.411020759823,0.295974946563,0.344137443342,0.393117602111
14,0.411020759823,0.295974946563,0.344137443342,0.393117602111
13,0.411020759823,0.295974946563,0.344137443342,0.393117602111
12,0.411020759823,0.295974946563,0.344137443342,0.393117602111
11,0.411020759823,0.295974946563,0.344137443342,0.393117602111
10,0.411020759823,0.295974946563,0.344137443342,0.393117602111
9,0.411020759823,0.295974946563,0.344137443342,0.393117602111
8,0.411020759823,0.295974946563,0.344137443342,0.393117602111
7,0.411020759823,0.295974946563,0.344137443342,0.393117602111
6,0.411020759823,0.295974946563,0.344137443342,0.393117602111
5,0.411020759823,0.295974946563,0.344137443342,0.393117602111
4,0.411020759823,0.295974946563,0.344137443342,0.393117602111
3,0.411020759823,0.295974946563,0.344137443342,0.393117602111
2,0.411020759823,0.295974946563,0.344137443342,0.393117602111
1,0.411020759823,0.295974946563,0.344137443342,0.393117602111
0,0.411020759823,0.295974946563,0.344137443342,0.393117602111
