998,0.176965054332,0.0658326507791,0.0959653108469,0.358935132905
997,0.176965054332,0.0658326507791,0.0959653108469,0.358935132905
996,0.176965054332,0.0658326507791,0.0959653108469,0.358935132905
995,0.190663684469,0.0668863915588,0.0990316605775,0.359637626758
994,0.190663684469,0.0668863915588,0.0990316605775,0.359637626758
993,0.190663684469,0.0668863915588,0.0990316605775,0.359637626758
992,0.206561980495,0.0785283477819,0.113795309303,0.363254045746
991,0.206561980495,0.0785283477819,0.113795309303,0.363254045746
990,0.206561980495,0.0785283477819,0.113795309303,0.363254045746
989,0.206561980495,0.0785283477819,0.113795309303,0.363254045746
988,0.206561980495,0.0785283477819,0.113795309303,0.363254045746
987,0.220260610632,0.0787062520694,0.115971964148,0.363372648605
986,0.220260610632,0.0787062520694,0.115971964148,0.362865291933
985,0.247439157604,0.0875798347524,0.129369862776,0.366086224999
984,0.247439157604,0.0875798347524,0.129369862776,0.366086224999
983,0.247439157604,0.0875798347524,0.129369862776,0.366086224999
982,0.247439157604,0.0875798347524,0.129369862776,0.366086224999
981,0.247439157604,0.0875798347524,0.129369862776,0.366086224999
980,0.247439157604,0.0875798347524,0.129369862776,0.366086224999
979,0.287332578363,0.0964818014804,0.144457145122,0.368682752232
978,0.287332578363,0.0964818014804,0.144457145122,0.368682752232
977,0.287332578363,0.0964818014804,0.144457145122,0.368682752232
976,0.287332578363,0.0964818014804,0.144457145122,0.368682752232
975,0.287332578363,0.0964818014804,0.144457145122,0.368682752232
974,0.287332578363,0.0964818014804,0.144457145122,0.368682752232
973,0.287332578363,0.0964818014804,0.144457145122,0.368682752232
972,0.28934463716,0.104765641712,0.153831951172,0.371384528027
971,0.28934463716,0.104765641712,0.153831951172,0.371384528027
970,0.28934463716,0.104765641712,0.153831951172,0.371384528027
969,0.28934463716,0.104765641712,0.153831951172,0.371384528027
968,0.28934463716,0.104765641712,0.153831951172,0.371384528027
967,0.28934463716,0.104765641712,0.153831951172,0.371384528027
966,0.289341543521,0.104765641712,0.153831513947,0.371384528027
965,0.318559755179,0.114316840867,0.168254625785,0.373473780899
964,0.318559755179,0.114316840867,0.168254625785,0.373473780899
963,0.318559755179,0.114316840867,0.168254625785,0.373473780899
962,0.318364060462,0.114316840867,0.168227317294,0.373393671951
961,0.318364060462,0.114316840867,0.168227317294,0.373393671951
960,0.318364060462,0.114316840867,0.168227317294,0.373393671951
959,0.334524008379,0.125819208262,0.182861588299,0.380048310379
958,0.334524008379,0.125819208262,0.182861588299,0.380048310379
957,0.334524008379,0.125819208262,0.182861588299,0.380048310379
956,0.334524008379,0.125819208262,0.182861588299,0.380048310379
955,0.334524008379,0.125819208262,0.182861588299,0.380048310379
954,0.334524008379,0.125819208262,0.182861588299,0.380048310379
953,0.334586792063,0.126094882558,0.183161973114,0.380232093243
952,0.339889623639,0.129332132703,0.187368336249,0.380273603576
951,0.339889623639,0.129332132703,0.187368336249,0.380273603576
950,0.339889623639,0.129332132703,0.187368336249,0.380273603576
949,0.339918687211,0.129410410589,0.187454888628,0.380325788833
948,0.339918687211,0.129410410589,0.187454888628,0.380325788833
947,0.339157652203,0.13038888417,0.188362108558,0.380815025624
946,0.339222301289,0.130928856628,0.18893492998,0.381088832922
945,0.343414667227,0.132975505822,0.191715705591,0.382010826522
944,0.343414667227,0.132975505822,0.191715705591,0.382010826522
943,0.343414667227,0.132975505822,0.191715705591,0.382010826522
942,0.357113297364,0.133345739069,0.194183542482,0.382257648687
941,0.357113297364,0.133345739069,0.194183542482,0.382257648687
940,0.355719702612,0.13367189693,0.194321796565,0.382088847689
939,0.354154275299,0.135980257328,0.19650926953,0.383180072603
938,0.354154275299,0.135980257328,0.19650926953,0.383180072603
937,0.354154275299,0.135980257328,0.19650926953,0.383180072603
936,0.354154275299,0.135980257328,0.19650926953,0.383180072603
935,0.354298419084,0.136220584173,0.196782335847,0.383340290499
934,0.351747501156,0.137199057754,0.19740163765,0.382851053709
933,0.343919712506,0.137199057754,0.196148907154,0.381836340365
932,0.349455811274,0.14311296727,0.203064669381,0.384844094398
931,0.349455811274,0.14311296727,0.203064669381,0.384844094398
930,0.349455811274,0.14311296727,0.203064669381,0.384844094398
929,0.349347460527,0.14311296727,0.203046372306,0.38476398545
928,0.349347460527,0.14311296727,0.203046372306,0.38476398545
927,0.349347460527,0.14311296727,0.203046372306,0.38476398545
926,0.349592508812,0.143928614024,0.203907646252,0.385307749953
925,0.351619741067,0.151514392587,0.211774347737,0.387306258871
924,0.351619741067,0.151514392587,0.211774347737,0.387306258871
923,0.351619741067,0.151514392587,0.211774347737,0.387306258871
922,0.349363331931,0.151592670474,0.211439408646,0.38729029174
921,0.349363331931,0.151592670474,0.211439408646,0.38729029174
920,0.349372113104,0.151918828334,0.211758073757,0.387507730314
919,0.344629929466,0.154828005576,0.21366509929,0.387915951835
918,0.344629929466,0.154828005576,0.21366509929,0.387915951835
917,0.344629929466,0.154828005576,0.21366509929,0.387915951835
916,0.344629929466,0.154828005576,0.21366509929,0.387915951835
915,0.344360295796,0.154828005576,0.213613250355,0.387675624991
914,0.344360295796,0.154828005576,0.213613250355,0.387675624991
913,0.343599260788,0.154828005576,0.213466605281,0.387421946655
912,0.343685668158,0.160988792153,0.219268241008,0.390343047562
911,0.343685668158,0.160988792153,0.219268241008,0.390343047562
910,0.343685668158,0.160988792153,0.219268241008,0.390343047562
909,0.342707194577,0.160988792153,0.219068719111,0.390274895173
908,0.342707194577,0.160988792153,0.219068719111,0.390274895173
907,0.342707194577,0.160988792153,0.219068719111,0.390274895173
906,0.34283779422,0.161597147466,0.219658096659,0.390680465382
905,0.340675413324,0.164685147477,0.222036245156,0.391131962431
904,0.340675413324,0.164685147477,0.222036245156,0.391131962431
903,0.353689111954,0.164953748068,0.224980807275,0.390740253236
902,0.346839796885,0.165501693273,0.224079348566,0.390403056187
901,0.360538427022,0.165835806203,0.227177460212,0.39062579814
900,0.359755648157,0.165835806203,0.227021833987,0.389484245629
899,0.359581713945,0.168866622885,0.229809975557,0.389879710771
898,0.359581713945,0.168866622885,0.229809975557,0.389879710771
897,0.359581713945,0.168866622885,0.229809975557,0.389879710771
896,0.359581713945,0.168866622885,0.229809975557,0.389879710771
895,0.359581713945,0.169414568091,0.230316857906,0.390245007575
894,0.359581713945,0.169414568091,0.230316857906,0.390245007575
893,0.359387706252,0.169921924762,0.230745284816,0.3900124691
892,0.364874153598,0.176081683974,0.237533827872,0.393399739097
891,0.364874153598,0.176081683974,0.237533827872,0.393399739097
890,0.364874153598,0.176081683974,0.237533827872,0.393399739097
889,0.364874153598,0.176081683974,0.237533827872,0.392747423376
888,0.364874153598,0.176081683974,0.237533827872,0.392747423376
887,0.363732601087,0.176081683974,0.237291419245,0.39217664712
886,0.363748824948,0.176526960357,0.237698879528,0.392473498042
885,0.366945454169,0.177745637621,0.239486030546,0.392371248107
884,0.366945454169,0.177745637621,0.239486030546,0.392371248107
883,0.366945454169,0.177745637621,0.239486030546,0.392371248107
882,0.366811696501,0.177745637621,0.239457536593,0.39235122087
881,0.366811696501,0.177745637621,0.239457536593,0.39235122087
880,0.366916072866,0.177883997218,0.239605320443,0.392417367973
879,0.365712755278,0.180890810081,0.242055049589,0.393334562785
878,0.365712755278,0.180890810081,0.242055049589,0.393334562785
877,0.365712755278,0.181696611853,0.242775416481,0.393871763967
876,0.365712755278,0.181696611853,0.242775416481,0.393871763967
875,0.36533164443,0.181907360009,0.242879306581,0.393872072078
874,0.362002781512,0.181907360009,0.242139152312,0.391652386639
873,0.359234026918,0.181907360009,0.241516598216,0.390261606289
872,0.358817965297,0.1828014116,0.242208581752,0.390191760727
871,0.358817965297,0.1828014116,0.242208581752,0.390191760727
870,0.358817965297,0.1828014116,0.242208581752,0.390191760727
869,0.359064234681,0.183113631091,0.242538694248,0.390349171387
868,0.359064234681,0.183113631091,0.242538694248,0.390349171387
867,0.359243958171,0.183233794513,0.242685099198,0.390429280335
866,0.358801530725,0.183714448202,0.243004917059,0.390609525469
865,0.357328934908,0.184553994293,0.243397526144,0.39047607288
864,0.357328934908,0.184553994293,0.243397526144,0.39047607288
863,0.357328934908,0.184553994293,0.243397526144,0.39047607288
862,0.356656019743,0.184553994293,0.243241223647,0.39034783878
861,0.356656019743,0.184553994293,0.243241223647,0.39034783878
860,0.356664058845,0.184673112816,0.243346533083,0.390347142181
859,0.3538538289,0.185547938893,0.243443208911,0.389268518758
858,0.3538538289,0.185547938893,0.243443208911,0.389268518758
857,0.3538538289,0.185547938893,0.243443208911,0.389268518758
856,0.3538538289,0.185547938893,0.243443208911,0.389268518758
855,0.3538538289,0.185547938893,0.243443208911,0.389268518758
854,0.3538538289,0.185547938893,0.243443208911,0.389268518758
853,0.353671777243,0.185547938893,0.243400110746,0.389228812583
852,0.35399766684,0.187455870089,0.245114072108,0.388802861983
851,0.35399766684,0.187455870089,0.245114072108,0.388802861983
850,0.35399766684,0.187455870089,0.245114072108,0.388802861983
849,0.353866849754,0.187455870089,0.245082704955,0.388762807509
848,0.353866849754,0.187455870089,0.245082704955,0.388682698561
847,0.356606575781,0.187696196934,0.245942888521,0.388682698561
846,0.358462341391,0.193299730783,0.251161424756,0.392167157232
845,0.356166045413,0.193771038428,0.250991127896,0.391424669134
844,0.36986467555,0.194007221707,0.254513191595,0.391582124653
843,0.36986467555,0.194007221707,0.254513191595,0.391582124653
842,0.370556525557,0.19418746684,0.25483204421,0.391642206364
841,0.370556525557,0.19418746684,0.25483204421,0.391642206364
840,0.370492483467,0.194306585363,0.254919433611,0.391684495054
839,0.371800471859,0.19857999456,0.2588873218,0.393250246382
838,0.371800471859,0.198848595151,0.259115473168,0.393429313442
837,0.371800471859,0.198848595151,0.259115473168,0.393429313442
836,0.371432676825,0.198848595151,0.259026096803,0.393332292605
835,0.371189760641,0.200560923918,0.260414769422,0.393272210894
834,0.371319861599,0.20068108734,0.260548076765,0.393352319842
833,0.37126644027,0.200861332474,0.260686774697,0.39343277709
832,0.365006638066,0.204052677398,0.261767375531,0.394495892724
831,0.365006638066,0.204052677398,0.261767375531,0.394495892724
830,0.365006638066,0.204052677398,0.261767375531,0.394495892724
829,0.365006638066,0.204052677398,0.261767375531,0.394495892724
828,0.365006638066,0.204052677398,0.261767375531,0.394495892724
827,0.365013419566,0.204171795921,0.261867115941,0.394575305072
826,0.367022690261,0.206935554633,0.264653551535,0.396337701932
825,0.367414728137,0.211945203436,0.26882007214,0.397723515032
824,0.367414728137,0.211945203436,0.26882007214,0.397723515032
823,0.367414728137,0.211945203436,0.26882007214,0.397723515032
822,0.367414728137,0.211945203436,0.26882007214,0.397723515032
821,0.365131623114,0.211945203436,0.268206563082,0.397372268106
820,0.36447762187,0.211945203436,0.268029926379,0.396554615035
819,0.366754660379,0.213884499781,0.270195820261,0.397173190251
818,0.366754660379,0.214690301554,0.270837908274,0.397710391433
817,0.366754660379,0.214690301554,0.270837908274,0.397710391433
816,0.366754660379,0.214690301554,0.270837908274,0.397710391433
815,0.36625488618,0.214690301554,0.270701517526,0.397591008293
814,0.36625488618,0.214690301554,0.270701517526,0.397591008293
813,0.366401484934,0.215691663406,0.271536423286,0.397383615127
812,0.355310395783,0.216151123953,0.268787096763,0.395370636387
811,0.355310395783,0.216151123953,0.268787096763,0.395370636387
810,0.355310395783,0.216419724544,0.268994671608,0.395549703447
809,0.345979444821,0.216419724544,0.266276268617,0.395351087914
808,0.345979444821,0.216419724544,0.266276268617,0.395351087914
807,0.345731505814,0.216419724544,0.266202805273,0.395271675566
806,0.344815142833,0.216870799545,0.266270989104,0.394457542704
805,0.344812846372,0.218635588968,0.267596305258,0.395001970155
804,0.344812846372,0.218635588968,0.267596305258,0.395001970155
803,0.344812846372,0.218635588968,0.267596305258,0.395001970155
802,0.346400147959,0.219900077904,0.269021328417,0.395844962779
801,0.346279720441,0.219900077904,0.268985003436,0.395805256605
800,0.346071458174,0.22013831495,0.269100221405,0.395884668953
799,0.346829881131,0.222685830854,0.271227285285,0.396792487085
798,0.346829881131,0.222685830854,0.271227285285,0.396792487085
797,0.346829881131,0.222685830854,0.271227285285,0.396792487085
796,0.347895330141,0.22304632112,0.27182032823,0.396972732218
795,0.347619452714,0.22304632112,0.271736079621,0.396872596033
794,0.347452422198,0.223403676689,0.271949966883,0.39703142073
793,0.347488695801,0.223582876923,0.272093818065,0.397130860316
792,0.349192609763,0.230082346755,0.277391778187,0.400344728161
791,0.349192609763,0.230082346755,0.277391778187,0.400344728161
790,0.349192609763,0.230082346755,0.277391778187,0.400344728161
789,0.349192609763,0.230082346755,0.277391778187,0.39983737149
788,0.349192609763,0.230082346755,0.277391778187,0.39983737149
787,0.348679201369,0.230082346755,0.277229643799,0.399430033487
786,0.348369097073,0.230729217841,0.277600287266,0.399607157493
785,0.35233020318,0.233209000602,0.280652684004,0.40087744835
784,0.35233020318,0.233209000602,0.280652684004,0.40087744835
783,0.352299785637,0.233477601193,0.28083743313,0.401039603522
782,0.352119540503,0.233811714123,0.281021613684,0.401202263764
781,0.352119540503,0.233811714123,0.281021613684,0.401202263764
780,0.352501441707,0.235514029272,0.282370240097,0.402096813685
779,0.351673138493,0.239180872789,0.284718345294,0.403727751886
778,0.351673138493,0.239180872789,0.284718345294,0.403727751886
777,0.351632729555,0.239180872789,0.284705100974,0.403647642938
776,0.35167724198,0.239361117923,0.284847358477,0.40364842322
775,0.350914534368,0.239565575089,0.28474131774,0.403621446233
774,0.350354027739,0.239565575089,0.284556620047,0.402780302277
773,0.350147572748,0.240326610097,0.28502441474,0.403050795752
772,0.351462384998,0.244715901309,0.288532596025,0.405546250242
771,0.351462384998,0.244715901309,0.288532596025,0.405546250242
770,0.351366154951,0.244715901309,0.288500163343,0.405506544067
769,0.352026202175,0.245436881843,0.289223604604,0.405907088808
768,0.352026202175,0.245436881843,0.289223604604,0.405907088808
767,0.365563248868,0.246106363767,0.294170055361,0.40605628065
766,0.364875049963,0.246277816455,0.294069243626,0.405109811881
765,0.37725329151,0.246481192145,0.298158410249,0.404626614373
764,0.37725329151,0.246481192145,0.298158410249,0.404626614373
763,0.377150448942,0.246481192145,0.29812628529,0.404566532662
762,0.377263684014,0.246661437278,0.298293495024,0.404586559899
761,0.377341045424,0.246901764123,0.298493369459,0.404746777795
760,0.377152571463,0.246901764123,0.298434382802,0.404626614373
759,0.376696172632,0.247668813966,0.29885050028,0.404086327757
758,0.376696172632,0.247937414557,0.299045959203,0.404265394818
757,0.376696172632,0.247937414557,0.299045959203,0.404265394818
756,0.376927861936,0.24811765969,0.299250072962,0.40438555824
755,0.376824084435,0.24811765969,0.299217361694,0.404305449292
754,0.370745239103,0.248526053477,0.297575076461,0.403784816528
753,0.370684729321,0.249287088485,0.298100378966,0.403940475379
752,0.369075203496,0.250855667252,0.298693324717,0.404113566048
751,0.368999170397,0.250855667252,0.29866842197,0.404053484337
750,0.368999170397,0.250855667252,0.29866842197,0.404053484337
749,0.367752137045,0.250855667252,0.29825911371,0.403708014498
748,0.367331307021,0.250855667252,0.298120613861,0.403509483626
747,0.365926319315,0.250855667252,0.29765684795,0.40212760427
746,0.365297601169,0.250855667252,0.297448632292,0.401014871442
745,0.364245154964,0.252376242277,0.298162937221,0.40147078678
744,0.363209244778,0.252376242277,0.297815287348,0.401299334092
743,0.363049026882,0.252376242277,0.297761413963,0.401119088958
742,0.363051342664,0.252883598948,0.298115024602,0.401423502961
741,0.363096261284,0.253121835994,0.298295660919,0.401582327659
740,0.361341469265,0.253411111259,0.29790177763,0.397989215918
739,0.360922771905,0.254234230701,0.298326842965,0.397045911263
738,0.360922771905,0.254234230701,0.298326842965,0.397045911263
737,0.361242324777,0.254672998854,0.298738033084,0.397278341654
736,0.360477526409,0.254853243988,0.298599944647,0.396973374053
735,0.359339171199,0.254853243988,0.298208676003,0.396609412395
734,0.360008435678,0.255920669713,0.299169495822,0.396842031109
733,0.35980515917,0.256861949854,0.299741151748,0.397217989567
732,0.359864510706,0.258936273281,0.301169545028,0.397817919591
731,0.359864510706,0.258936273281,0.301169545028,0.397817919591
730,0.359864510706,0.258936273281,0.301169545028,0.397817919591
729,0.359727699841,0.258936273281,0.301121623497,0.39767166354
728,0.359691960885,0.258936273281,0.301109101515,0.397645570911
727,0.359520810415,0.259484218486,0.301419123155,0.397850998118
726,0.356947535168,0.260298985106,0.301056638113,0.397933172831
725,0.357230389975,0.262728383858,0.302776787698,0.39895665768
724,0.357148075336,0.26326558504,0.303103567843,0.399228617461
723,0.357102413236,0.26326558504,0.303087122485,0.39916853575
722,0.357377839447,0.263623734461,0.303423645308,0.39940730203
721,0.357408775423,0.263813383324,0.303560383178,0.399516822717
720,0.357376159637,0.264147496254,0.303769669567,0.398867158686
719,0.35521340047,0.270104524462,0.306867092054,0.401170844838
718,0.35521340047,0.270104524462,0.306867092054,0.401170844838
717,0.355167783987,0.270910326235,0.307369379817,0.401647964308
716,0.355167783987,0.270910326235,0.307369379817,0.401647964308
715,0.355031357946,0.270910326235,0.307318280394,0.401368193344
714,0.3560072656,0.272062354532,0.308424963746,0.402076130497
713,0.35610226716,0.272422844799,0.308692177331,0.402205086365
712,0.353912404925,0.272676956156,0.308028713269,0.400684142442
711,0.353912404925,0.272676956156,0.308028713269,0.400684142442
710,0.353837420243,0.272676956156,0.308000308885,0.400644436268
709,0.354206336604,0.273011069086,0.308353211362,0.400747014799
708,0.354199059211,0.273130187609,0.308426415582,0.4007463182
707,0.35447179088,0.274069126904,0.309127923067,0.401212059833
706,0.35365078398,0.274844750379,0.309307086942,0.401598811054
705,0.366545300735,0.28354718714,0.319748007926,0.406660620938
704,0.366510549048,0.28354718714,0.319734784941,0.406634528309
703,0.366510549048,0.28354718714,0.319734784941,0.406634528309
702,0.366247113853,0.28354718714,0.319634502096,0.406539398933
701,0.365435851329,0.283965418272,0.319590210958,0.405169310505
700,0.364845811326,0.283965418272,0.319364365756,0.40364013052
699,0.366018327747,0.285389854004,0.32071416984,0.403841074783
698,0.359169012678,0.285389854004,0.31805688321,0.403762347024
697,0.359169012678,0.285389854004,0.31805688321,0.403762347024
696,0.372906025079,0.286711651649,0.324177189704,0.404523382031
695,0.372772560455,0.286823022626,0.324197903334,0.404454304113
694,0.373041238595,0.287152889305,0.324510215906,0.401076349162
693,0.372992628551,0.287212971016,0.324530179942,0.401019198266
692,0.368991476131,0.287531074999,0.323207529169,0.40060992072
691,0.366085706102,0.287531074999,0.322087864513,0.40044165943
690,0.366085706102,0.287531074999,0.322087864513,0.40044165943
689,0.366737855231,0.288105765412,0.322700831637,0.400641293579
688,0.366499395389,0.288402788222,0.322794610118,0.400650480551
687,0.36678053072,0.289519631805,0.323602431542,0.400289980397
686,0.366295674822,0.290301090986,0.323900572046,0.400210252656
685,0.364396010097,0.290682738231,0.323392051065,0.39938217385
684,0.361311736944,0.290862983365,0.322282377589,0.398951242956
683,0.361311736944,0.290862983365,0.322282377589,0.398951242956
682,0.361363387128,0.291019539138,0.322399014901,0.398966079941
681,0.3614985647,0.291278062157,0.322611432659,0.399138428621
680,0.360267888253,0.291636211578,0.32233931988,0.395304424329
679,0.358922353664,0.291797764624,0.321897963592,0.394232077982
678,0.358703531391,0.292603566397,0.322299366675,0.394296912608
677,0.351854216322,0.292603566397,0.319505175694,0.394133833678
676,0.352060540127,0.292973799643,0.31981092412,0.394073751967
675,0.352062255375,0.29308517062,0.319877975259,0.394067890336
674,0.352414545129,0.29437991849,0.320793608805,0.394790864924
673,0.351890722052,0.294791144424,0.320820094218,0.394879620552
672,0.353261165687,0.297453277746,0.322964067248,0.39577003977
671,0.353261165687,0.297453277746,0.322964067248,0.39577003977
670,0.35380491615,0.299916627902,0.324639682912,0.395709958059
669,0.353835782552,0.300127376058,0.32477610879,0.395773463229
668,0.353260699344,0.300453533919,0.324724229983,0.395613170697
667,0.349332084312,0.300453533919,0.323054423791,0.394896424494
666,0.349110755705,0.305498056807,0.325851578652,0.394976249339
665,0.348062651896,0.305668955897,0.325491214203,0.390455657673
664,0.348062651896,0.305668955897,0.325491214203,0.390455657673
663,0.348161120391,0.30584920103,0.325636452556,0.390575821096
662,0.347544682035,0.30584920103,0.325366570082,0.390178759352
661,0.347524386339,0.306316380582,0.325621825903,0.390346887151
660,0.347799378405,0.307991645956,0.326687310555,0.391232976617
659,0.344591898452,0.310220312189,0.326504010091,0.39063233513
658,0.34361342487,0.310220312189,0.326064128826,0.390281088203
657,0.343689483892,0.310398216477,0.326196633148,0.390399691062
656,0.343492144683,0.310398216477,0.326107725137,0.38989233439
655,0.343167908984,0.310509587454,0.326022928513,0.389718927128
654,0.342843592362,0.31062095843,0.325937819036,0.389271187889
653,0.342655782225,0.311334916426,0.326245341232,0.38952167165
652,0.348988696819,0.312627800152,0.329809093527,0.389255832188
651,0.348988696819,0.312627800152,0.329809093527,0.389255832188
650,0.349484059902,0.313142158216,0.330316518687,0.389598737564
649,0.344630850492,0.313675025504,0.328425112882,0.389770147992
648,0.34459660007,0.313786396481,0.328470589131,0.389792210052
647,0.344539554067,0.313786396481,0.32844467099,0.389738174504
646,0.344174782115,0.313846478192,0.328311711992,0.389584187304
645,0.343741949027,0.314098088495,0.328252106794,0.388931164777
644,0.343773170976,0.316381193518,0.329508890595,0.388423808106
643,0.343747940205,0.316772186807,0.329709216347,0.388401227946
642,0.341494129682,0.316952431941,0.328765920288,0.388363082336
641,0.34099865752,0.317030709827,0.328578181486,0.388323943392
640,0.340935759538,0.317259349782,0.328671714076,0.388171956026
639,0.342207130934,0.31839518846,0.329871999378,0.388123557927
638,0.342207130934,0.31839518846,0.329871999378,0.388123557927
637,0.342259171318,0.318575433594,0.329992900171,0.388183639638
636,0.342348474643,0.318667991906,0.330084064368,0.387863432744
635,0.340631098195,0.318824547679,0.329367278866,0.387740690413
634,0.340221427883,0.319064874523,0.329303693407,0.38731930432
633,0.339718977566,0.319536182168,0.329318636339,0.387527063997
632,0.334961727671,0.320106460093,0.327365654185,0.385992143601
631,0.334872388778,0.320106460093,0.327322981924,0.385755960323
630,0.334872388778,0.320106460093,0.327322981924,0.385755960323
629,0.335029907571,0.320747903886,0.327733383823,0.386166677629
628,0.335071394347,0.321106053306,0.327940112539,0.386308238539
627,0.335527351495,0.324530710841,0.32993742854,0.386727626068
626,0.331836629323,0.324881855064,0.328322415999,0.384882117265
625,0.331720757378,0.325524025635,0.328593179039,0.384758670046
624,0.331553998146,0.325524025635,0.328511343511,0.384244867826
623,0.331524504294,0.325524025635,0.328496865356,0.384184786115
622,0.331548860926,0.325813300899,0.328656059204,0.384303388974
621,0.338179967241,0.326173791166,0.332068391622,0.383647714648
620,0.338043502403,0.326775532611,0.332314027504,0.383653527127
619,0.336560114913,0.327465084551,0.331950313257,0.38326809308
618,0.336451395626,0.327465084551,0.331897423864,0.382638271004
617,0.336037577359,0.327465084551,0.331695952403,0.382406736605
616,0.336918288464,0.327660779267,0.332225055851,0.382223439703
615,0.336490741935,0.32785042813,0.33211439777,0.381308621256
614,0.33659185712,0.328220322127,0.332353381054,0.381495135543
613,0.335987085022,0.328451302927,0.332176460131,0.380822262529
612,0.336804096634,0.330395369564,0.333568953861,0.379463084581
611,0.336763997795,0.330395369564,0.333549286576,0.379342921158
610,0.336789735252,0.330575614698,0.333653743825,0.379342921158
609,0.33631412194,0.330626350365,0.333445983054,0.378757347
608,0.335784837828,0.330782906138,0.333265104708,0.377132699384
607,0.335531482744,0.330782906138,0.333140273765,0.376590889351
606,0.335681294811,0.331372036359,0.333512746377,0.376824806125
605,0.33229801863,0.331644406783,0.331970890985,0.375299960774
604,0.331221229521,0.331644406783,0.331432683073,0.373914352209
603,0.331221229521,0.331644406783,0.331432683073,0.373914352209
602,0.330253643957,0.331644406783,0.330947564253,0.373511623013
601,0.330282891022,0.333277847775,0.331773610585,0.374600583675
600,0.329694926015,0.333277847775,0.331476705254,0.372896397118
599,0.328337388201,0.334932178296,0.331601997743,0.371385982663
598,0.328337388201,0.334932178296,0.331601997743,0.371385982663
597,0.328381278115,0.336253975941,0.332271000423,0.372207099381
596,0.328098641258,0.336253975941,0.332126252739,0.372080442192
595,0.328092800846,0.336416082585,0.332202315235,0.372008268155
594,0.327941554261,0.336593986873,0.332211442059,0.371856693273
593,0.32765069045,0.336885049384,0.332203709798,0.371848048973
592,0.325918204588,0.337428249675,0.331573368953,0.370586081887
591,0.325918204588,0.337428249675,0.331573368953,0.370586081887
590,0.3249081595,0.337608494809,0.331136595484,0.368739570632
589,0.324686829312,0.337659230476,0.331045994193,0.368620644592
588,0.324524317415,0.338083712998,0.331165277673,0.36884355123
587,0.324459948065,0.338294461154,0.331232811943,0.368752515601
586,0.323625425737,0.338405278533,0.330850371835,0.36831623097
585,0.321994408483,0.338967170911,0.330262868812,0.367350305743
584,0.321925619382,0.338967170911,0.330226681388,0.367052659565
583,0.322424341894,0.339162865628,0.330581856788,0.367036866658
582,0.322309411079,0.339213601295,0.330545526061,0.366921075195
581,0.323940200381,0.340355153806,0.331944867685,0.367682110203
580,0.322290375344,0.340355153806,0.331076527178,0.366544159773
579,0.320444960565,0.341341413868,0.3305632758,0.364411356309
578,0.320444960565,0.341341413868,0.3305632758,0.364411356309
577,0.32023020606,0.341341413868,0.330448973345,0.363947981021
576,0.320290789512,0.341602897691,0.330603732643,0.363952661091
575,0.319708816572,0.341602897691,0.330293432893,0.362980117653
574,0.319711080485,0.34243881715,0.330684893624,0.362877908187
573,0.319806053682,0.342649565306,0.330833952149,0.362904289699
572,0.319853694407,0.343481084378,0.331246596172,0.361898674076
571,0.319838379076,0.343481084378,0.331238383082,0.361838592364
570,0.319823222453,0.343481084378,0.33123025473,0.361778510653
569,0.319941712945,0.346905741913,0.332878581119,0.362290131977
568,0.319680348922,0.347017112889,0.332788282796,0.361830929994
567,0.319638489044,0.347359578643,0.332922976096,0.361939857356
566,0.318327275393,0.34741031431,0.332233542189,0.360864088703
565,0.317452604587,0.347581213399,0.331834437633,0.360649401725
564,0.317452604587,0.347581213399,0.331834437633,0.360649401725
563,0.317408615146,0.347581213399,0.331810403287,0.360552196355
562,0.317237725014,0.347581213399,0.331717004511,0.360315496925
561,0.317517595152,0.348613403392,0.332339704126,0.360812143662
560,0.316674480864,0.348793648525,0.331958940473,0.360693158312
559,0.317372860806,0.351322626396,0.333485926372,0.361505814721
558,0.317372860806,0.351322626396,0.333485926372,0.361505814721
557,0.317358548805,0.351322626396,0.333478025135,0.36144573301
556,0.318108424941,0.355888836442,0.335939754362,0.36144573301
555,0.318052268315,0.359464365829,0.337492693666,0.363512879105
554,0.317789511391,0.359764774384,0.33747693511,0.363540074958
553,0.317542689226,0.359764774384,0.33733770875,0.36340377018
552,0.316483162141,0.359921325322,0.336807461426,0.362888046319
551,0.316171829638,0.359921325322,0.336631078478,0.36197480431
550,0.316082125827,0.359921325322,0.336580227349,0.361937680651
549,0.315704626541,0.360099229609,0.336443752923,0.361302003965
548,0.315684703676,0.360099229609,0.336432439405,0.361261949491
547,0.315593324743,0.360099229609,0.33638053987,0.361191042246
546,0.316500898386,0.362351277334,0.337877696822,0.360597558401
545,0.316060224235,0.362452748668,0.337670469375,0.360335204098
544,0.315946068984,0.362452748668,0.33760530872,0.360335204098
543,0.315851595673,0.362452748668,0.337551366073,0.360269972526
542,0.315602268441,0.362630652956,0.337485996532,0.360090658574
541,0.315643770453,0.362810898089,0.337587771576,0.360090658574
540,0.315507651682,0.362810898089,0.337509904452,0.36001264317
539,0.315610686418,0.364321297004,0.338221167493,0.360081587906
538,0.315610686418,0.364321297004,0.338221167493,0.360081587906
537,0.315610686418,0.364432667981,0.338269152255,0.360118711565
536,0.315507059593,0.364610572268,0.338286214513,0.359729957751
535,0.317884999985,0.367433649749,0.340868137152,0.359932483871
534,0.317702775539,0.367433649749,0.340763345935,0.359827207823
533,0.317935435953,0.367825039182,0.341065484019,0.359098678784
532,0.31777938618,0.368361948483,0.341206185861,0.358981188419
531,0.31777938618,0.368361948483,0.341206185861,0.358981188419
530,0.317630827047,0.368518504256,0.341187645163,0.359085558935
529,0.317951966372,0.369171478881,0.341652721792,0.359421820002
528,0.316606122419,0.369505591811,0.341016572693,0.358868218772
527,0.316222595311,0.369861400386,0.340945227317,0.358816149224
526,0.316422825817,0.370316979609,0.341255142661,0.359038135928
525,0.31784105401,0.37196538178,0.342779837549,0.35978332538
524,0.31761669184,0.37196538178,0.342649319231,0.359613682902
523,0.31755110035,0.372686362313,0.342916665176,0.359847459776
522,0.31738771103,0.372686362313,0.342821375374,0.359830547887
521,0.316762151231,0.372686362313,0.342456127011,0.35933447461
520,0.31662799844,0.372737097981,0.342399120265,0.359308996959
519,0.319060668233,0.375099611762,0.344818152901,0.360413044949
518,0.319060668233,0.375099611762,0.344818152901,0.360413044949
517,0.319107112094,0.377382716784,0.345806941937,0.359750923175
516,0.318928604286,0.377587173951,0.345787860511,0.359514431094
515,0.318806817932,0.377587173951,0.34571626643,0.359244063394
514,0.318367686842,0.377782868667,0.345539788985,0.359043769015
513,0.317282644596,0.378011508622,0.344994965334,0.358871133957
512,0.317054714231,0.379054516856,0.345293572194,0.358726360375
511,0.317049101576,0.379472747988,0.345463660322,0.35900518113
510,0.316912426844,0.379472747988,0.345382509084,0.358968057471
509,0.317069269916,0.379857450288,0.345634974075,0.358914103497
508,0.3169286848,0.380037695421,0.345625988289,0.358618568697
507,0.3167706466,0.3801809894,0.345591204947,0.358472927624
506,0.314790277746,0.380756102086,0.344645080773,0.35842793294
505,0.315048026976,0.381228341437,0.344993000612,0.358431359231
504,0.314903675099,0.381228341437,0.344906434178,0.358363206842
503,0.314688911978,0.381228341437,0.344777576338,0.358268077467
502,0.313447138348,0.381496942027,0.344140278747,0.357528654001
501,0.309737711261,0.381496942027,0.34189255158,0.356997778163
500,0.309946412401,0.382437097762,0.342396965498,0.357086339211
499,0.310236517384,0.383387870118,0.342954831969,0.357267611014
498,0.310236517384,0.383387870118,0.342954831969,0.357267611014
497,0.310236517384,0.383387870118,0.342954831969,0.357267611014
496,0.310236517384,0.383387870118,0.342954831969,0.357267611014
495,0.310236517384,0.383387870118,0.342954831969,0.357267611014
494,0.310236517384,0.383387870118,0.342954831969,0.357267611014
493,0.310236517384,0.383387870118,0.342954831969,0.357267611014
492,0.310236517384,0.383387870118,0.342954831969,0.357267611014
491,0.310236517384,0.383387870118,0.342954831969,0.357267611014
490,0.310236517384,0.383387870118,0.342954831969,0.357267611014
489,0.310236517384,0.383387870118,0.342954831969,0.357267611014
488,0.310236517384,0.383387870118,0.342954831969,0.357267611014
487,0.310236517384,0.383387870118,0.342954831969,0.357267611014
486,0.310236517384,0.383387870118,0.342954831969,0.357267611014
485,0.310236517384,0.383387870118,0.342954831969,0.357267611014
484,0.310236517384,0.383387870118,0.342954831969,0.357267611014
483,0.310236517384,0.383387870118,0.342954831969,0.357267611014
482,0.310236517384,0.383387870118,0.342954831969,0.357267611014
481,0.310236517384,0.383387870118,0.342954831969,0.357267611014
480,0.310236517384,0.383387870118,0.342954831969,0.357267611014
479,0.310236517384,0.383387870118,0.342954831969,0.357267611014
478,0.310236517384,0.383387870118,0.342954831969,0.357267611014
477,0.310236517384,0.383387870118,0.342954831969,0.357267611014
476,0.310236517384,0.383387870118,0.342954831969,0.357267611014
475,0.310236517384,0.383387870118,0.342954831969,0.357267611014
474,0.310236517384,0.383387870118,0.342954831969,0.357267611014
473,0.310236517384,0.383387870118,0.342954831969,0.357267611014
472,0.310236517384,0.383387870118,0.342954831969,0.357267611014
471,0.310236517384,0.383387870118,0.342954831969,0.357267611014
470,0.310236517384,0.383387870118,0.342954831969,0.357267611014
469,0.310236517384,0.383387870118,0.342954831969,0.357267611014
468,0.310236517384,0.383387870118,0.342954831969,0.357267611014
467,0.310236517384,0.383387870118,0.342954831969,0.357267611014
466,0.310236517384,0.383387870118,0.342954831969,0.357267611014
465,0.310236517384,0.383387870118,0.342954831969,0.357267611014
464,0.310236517384,0.383387870118,0.342954831969,0.357267611014
463,0.310236517384,0.383387870118,0.342954831969,0.357267611014
462,0.310236517384,0.383387870118,0.342954831969,0.357267611014
461,0.310236517384,0.383387870118,0.342954831969,0.357267611014
460,0.310236517384,0.383387870118,0.342954831969,0.357267611014
459,0.310236517384,0.383387870118,0.342954831969,0.357267611014
458,0.310236517384,0.383387870118,0.342954831969,0.357267611014
457,0.310236517384,0.383387870118,0.342954831969,0.357267611014
456,0.310236517384,0.383387870118,0.342954831969,0.357267611014
455,0.310236517384,0.383387870118,0.342954831969,0.357267611014
454,0.310236517384,0.383387870118,0.342954831969,0.357267611014
453,0.310236517384,0.383387870118,0.342954831969,0.357267611014
452,0.310236517384,0.383387870118,0.342954831969,0.357267611014
451,0.310236517384,0.383387870118,0.342954831969,0.357267611014
450,0.310236517384,0.383387870118,0.342954831969,0.357267611014
449,0.310236517384,0.383387870118,0.342954831969,0.357267611014
448,0.310236517384,0.383387870118,0.342954831969,0.357267611014
447,0.310236517384,0.383387870118,0.342954831969,0.357267611014
446,0.310236517384,0.383387870118,0.342954831969,0.357267611014
445,0.310236517384,0.383387870118,0.342954831969,0.357267611014
444,0.310236517384,0.383387870118,0.342954831969,0.357267611014
443,0.310236517384,0.383387870118,0.342954831969,0.357267611014
442,0.310236517384,0.383387870118,0.342954831969,0.357267611014
441,0.310236517384,0.383387870118,0.342954831969,0.357267611014
440,0.310236517384,0.383387870118,0.342954831969,0.357267611014
439,0.310236517384,0.383387870118,0.342954831969,0.357267611014
438,0.310236517384,0.383387870118,0.342954831969,0.357267611014
437,0.310236517384,0.383387870118,0.342954831969,0.357267611014
436,0.310236517384,0.383387870118,0.342954831969,0.357267611014
435,0.310236517384,0.383387870118,0.342954831969,0.357267611014
434,0.310236517384,0.383387870118,0.342954831969,0.357267611014
433,0.310236517384,0.383387870118,0.342954831969,0.357267611014
432,0.310236517384,0.383387870118,0.342954831969,0.357267611014
431,0.310236517384,0.383387870118,0.342954831969,0.357267611014
430,0.310236517384,0.383387870118,0.342954831969,0.357267611014
429,0.310236517384,0.383387870118,0.342954831969,0.357267611014
428,0.310236517384,0.383387870118,0.342954831969,0.357267611014
427,0.310236517384,0.383387870118,0.342954831969,0.357267611014
426,0.310236517384,0.383387870118,0.342954831969,0.357267611014
425,0.310236517384,0.383387870118,0.342954831969,0.357267611014
424,0.310236517384,0.383387870118,0.342954831969,0.357267611014
423,0.310236517384,0.383387870118,0.342954831969,0.357267611014
422,0.310236517384,0.383387870118,0.342954831969,0.357267611014
421,0.310236517384,0.383387870118,0.342954831969,0.357267611014
420,0.310236517384,0.383387870118,0.342954831969,0.357267611014
419,0.310236517384,0.383387870118,0.342954831969,0.357267611014
418,0.310236517384,0.383387870118,0.342954831969,0.357267611014
417,0.310236517384,0.383387870118,0.342954831969,0.357267611014
416,0.310236517384,0.383387870118,0.342954831969,0.357267611014
415,0.310236517384,0.383387870118,0.342954831969,0.357267611014
414,0.310236517384,0.383387870118,0.342954831969,0.357267611014
413,0.310236517384,0.383387870118,0.342954831969,0.357267611014
412,0.310236517384,0.383387870118,0.342954831969,0.357267611014
411,0.310236517384,0.383387870118,0.342954831969,0.357267611014
410,0.310236517384,0.383387870118,0.342954831969,0.357267611014
409,0.310236517384,0.383387870118,0.342954831969,0.357267611014
408,0.310236517384,0.383387870118,0.342954831969,0.357267611014
407,0.310236517384,0.383387870118,0.342954831969,0.357267611014
406,0.310236517384,0.383387870118,0.342954831969,0.357267611014
405,0.310236517384,0.383387870118,0.342954831969,0.357267611014
404,0.310236517384,0.383387870118,0.342954831969,0.357267611014
403,0.310236517384,0.383387870118,0.342954831969,0.357267611014
402,0.310236517384,0.383387870118,0.342954831969,0.357267611014
401,0.310236517384,0.383387870118,0.342954831969,0.357267611014
400,0.310236517384,0.383387870118,0.342954831969,0.357267611014
399,0.310236517384,0.383387870118,0.342954831969,0.357267611014
398,0.310236517384,0.383387870118,0.342954831969,0.357267611014
397,0.310236517384,0.383387870118,0.342954831969,0.357267611014
396,0.310236517384,0.383387870118,0.342954831969,0.357267611014
395,0.310236517384,0.383387870118,0.342954831969,0.357267611014
394,0.310236517384,0.383387870118,0.342954831969,0.357267611014
393,0.310236517384,0.383387870118,0.342954831969,0.357267611014
392,0.310236517384,0.383387870118,0.342954831969,0.357267611014
391,0.310236517384,0.383387870118,0.342954831969,0.357267611014
390,0.310236517384,0.383387870118,0.342954831969,0.357267611014
389,0.310236517384,0.383387870118,0.342954831969,0.357267611014
388,0.310236517384,0.383387870118,0.342954831969,0.357267611014
387,0.310236517384,0.383387870118,0.342954831969,0.357267611014
386,0.310236517384,0.383387870118,0.342954831969,0.357267611014
385,0.310236517384,0.383387870118,0.342954831969,0.357267611014
384,0.310236517384,0.383387870118,0.342954831969,0.357267611014
383,0.310236517384,0.383387870118,0.342954831969,0.357267611014
382,0.310236517384,0.383387870118,0.342954831969,0.357267611014
381,0.310236517384,0.383387870118,0.342954831969,0.357267611014
380,0.310236517384,0.383387870118,0.342954831969,0.357267611014
379,0.310236517384,0.383387870118,0.342954831969,0.357267611014
378,0.310236517384,0.383387870118,0.342954831969,0.357267611014
377,0.310236517384,0.383387870118,0.342954831969,0.357267611014
376,0.310236517384,0.383387870118,0.342954831969,0.357267611014
375,0.310236517384,0.383387870118,0.342954831969,0.357267611014
374,0.310236517384,0.383387870118,0.342954831969,0.357267611014
373,0.310236517384,0.383387870118,0.342954831969,0.357267611014
372,0.310236517384,0.383387870118,0.342954831969,0.357267611014
371,0.310236517384,0.383387870118,0.342954831969,0.357267611014
370,0.310236517384,0.383387870118,0.342954831969,0.357267611014
369,0.310236517384,0.383387870118,0.342954831969,0.357267611014
368,0.310236517384,0.383387870118,0.342954831969,0.357267611014
367,0.310236517384,0.383387870118,0.342954831969,0.357267611014
366,0.310236517384,0.383387870118,0.342954831969,0.357267611014
365,0.310236517384,0.383387870118,0.342954831969,0.357267611014
364,0.310236517384,0.383387870118,0.342954831969,0.357267611014
363,0.310236517384,0.383387870118,0.342954831969,0.357267611014
362,0.310236517384,0.383387870118,0.342954831969,0.357267611014
361,0.310236517384,0.383387870118,0.342954831969,0.357267611014
360,0.310236517384,0.383387870118,0.342954831969,0.357267611014
359,0.310236517384,0.383387870118,0.342954831969,0.357267611014
358,0.310236517384,0.383387870118,0.342954831969,0.357267611014
357,0.310236517384,0.383387870118,0.342954831969,0.357267611014
356,0.310236517384,0.383387870118,0.342954831969,0.357267611014
355,0.310236517384,0.383387870118,0.342954831969,0.357267611014
354,0.310236517384,0.383387870118,0.342954831969,0.357267611014
353,0.310236517384,0.383387870118,0.342954831969,0.357267611014
352,0.310236517384,0.383387870118,0.342954831969,0.357267611014
351,0.310236517384,0.383387870118,0.342954831969,0.357267611014
350,0.310236517384,0.383387870118,0.342954831969,0.357267611014
349,0.310236517384,0.383387870118,0.342954831969,0.357267611014
348,0.310236517384,0.383387870118,0.342954831969,0.357267611014
347,0.310236517384,0.383387870118,0.342954831969,0.357267611014
346,0.310236517384,0.383387870118,0.342954831969,0.357267611014
345,0.310236517384,0.383387870118,0.342954831969,0.357267611014
344,0.310236517384,0.383387870118,0.342954831969,0.357267611014
343,0.310236517384,0.383387870118,0.342954831969,0.357267611014
342,0.310236517384,0.383387870118,0.342954831969,0.357267611014
341,0.310236517384,0.383387870118,0.342954831969,0.357267611014
340,0.310236517384,0.383387870118,0.342954831969,0.357267611014
339,0.310236517384,0.383387870118,0.342954831969,0.357267611014
338,0.310236517384,0.383387870118,0.342954831969,0.357267611014
337,0.310236517384,0.383387870118,0.342954831969,0.357267611014
336,0.310236517384,0.383387870118,0.342954831969,0.357267611014
335,0.310236517384,0.383387870118,0.342954831969,0.357267611014
334,0.310236517384,0.383387870118,0.342954831969,0.357267611014
333,0.310236517384,0.383387870118,0.342954831969,0.357267611014
332,0.310236517384,0.383387870118,0.342954831969,0.357267611014
331,0.310236517384,0.383387870118,0.342954831969,0.357267611014
330,0.310236517384,0.383387870118,0.342954831969,0.357267611014
329,0.310236517384,0.383387870118,0.342954831969,0.357267611014
328,0.310236517384,0.383387870118,0.342954831969,0.357267611014
327,0.310236517384,0.383387870118,0.342954831969,0.357267611014
326,0.310236517384,0.383387870118,0.342954831969,0.357267611014
325,0.310236517384,0.383387870118,0.342954831969,0.357267611014
324,0.310236517384,0.383387870118,0.342954831969,0.357267611014
323,0.310236517384,0.383387870118,0.342954831969,0.357267611014
322,0.310236517384,0.383387870118,0.342954831969,0.357267611014
321,0.310236517384,0.383387870118,0.342954831969,0.357267611014
320,0.310236517384,0.383387870118,0.342954831969,0.357267611014
319,0.310236517384,0.383387870118,0.342954831969,0.357267611014
318,0.310236517384,0.383387870118,0.342954831969,0.357267611014
317,0.310236517384,0.383387870118,0.342954831969,0.357267611014
316,0.310236517384,0.383387870118,0.342954831969,0.357267611014
315,0.310236517384,0.383387870118,0.342954831969,0.357267611014
314,0.310236517384,0.383387870118,0.342954831969,0.357267611014
313,0.310236517384,0.383387870118,0.342954831969,0.357267611014
312,0.310236517384,0.383387870118,0.342954831969,0.357267611014
311,0.310236517384,0.383387870118,0.342954831969,0.357267611014
310,0.310236517384,0.383387870118,0.342954831969,0.357267611014
309,0.310236517384,0.383387870118,0.342954831969,0.357267611014
308,0.310236517384,0.383387870118,0.342954831969,0.357267611014
307,0.310236517384,0.383387870118,0.342954831969,0.357267611014
306,0.310236517384,0.383387870118,0.342954831969,0.357267611014
305,0.310236517384,0.383387870118,0.342954831969,0.357267611014
304,0.310236517384,0.383387870118,0.342954831969,0.357267611014
303,0.310236517384,0.383387870118,0.342954831969,0.357267611014
302,0.310236517384,0.383387870118,0.342954831969,0.357267611014
301,0.310236517384,0.383387870118,0.342954831969,0.357267611014
300,0.310236517384,0.383387870118,0.342954831969,0.357267611014
299,0.310236517384,0.383387870118,0.342954831969,0.357267611014
298,0.310236517384,0.383387870118,0.342954831969,0.357267611014
297,0.310236517384,0.383387870118,0.342954831969,0.357267611014
296,0.310236517384,0.383387870118,0.342954831969,0.357267611014
295,0.310236517384,0.383387870118,0.342954831969,0.357267611014
294,0.310236517384,0.383387870118,0.342954831969,0.357267611014
293,0.310236517384,0.383387870118,0.342954831969,0.357267611014
292,0.310236517384,0.383387870118,0.342954831969,0.357267611014
291,0.310236517384,0.383387870118,0.342954831969,0.357267611014
290,0.310236517384,0.383387870118,0.342954831969,0.357267611014
289,0.310236517384,0.383387870118,0.342954831969,0.357267611014
288,0.310236517384,0.383387870118,0.342954831969,0.357267611014
287,0.310236517384,0.383387870118,0.342954831969,0.357267611014
286,0.310236517384,0.383387870118,0.342954831969,0.357267611014
285,0.310236517384,0.383387870118,0.342954831969,0.357267611014
284,0.310236517384,0.383387870118,0.342954831969,0.357267611014
283,0.310236517384,0.383387870118,0.342954831969,0.357267611014
282,0.310236517384,0.383387870118,0.342954831969,0.357267611014
281,0.310236517384,0.383387870118,0.342954831969,0.357267611014
280,0.310236517384,0.383387870118,0.342954831969,0.357267611014
279,0.310236517384,0.383387870118,0.342954831969,0.357267611014
278,0.310236517384,0.383387870118,0.342954831969,0.357267611014
277,0.310236517384,0.383387870118,0.342954831969,0.357267611014
276,0.310236517384,0.383387870118,0.342954831969,0.357267611014
275,0.310236517384,0.383387870118,0.342954831969,0.357267611014
274,0.310236517384,0.383387870118,0.342954831969,0.357267611014
273,0.310236517384,0.383387870118,0.342954831969,0.357267611014
272,0.310236517384,0.383387870118,0.342954831969,0.357267611014
271,0.310236517384,0.383387870118,0.342954831969,0.357267611014
270,0.310236517384,0.383387870118,0.342954831969,0.357267611014
269,0.310236517384,0.383387870118,0.342954831969,0.357267611014
268,0.310236517384,0.383387870118,0.342954831969,0.357267611014
267,0.310236517384,0.383387870118,0.342954831969,0.357267611014
266,0.310236517384,0.383387870118,0.342954831969,0.357267611014
265,0.310236517384,0.383387870118,0.342954831969,0.357267611014
264,0.310236517384,0.383387870118,0.342954831969,0.357267611014
263,0.310236517384,0.383387870118,0.342954831969,0.357267611014
262,0.310236517384,0.383387870118,0.342954831969,0.357267611014
261,0.310236517384,0.383387870118,0.342954831969,0.357267611014
260,0.310236517384,0.383387870118,0.342954831969,0.357267611014
259,0.310236517384,0.383387870118,0.342954831969,0.357267611014
258,0.310236517384,0.383387870118,0.342954831969,0.357267611014
257,0.310236517384,0.383387870118,0.342954831969,0.357267611014
256,0.310236517384,0.383387870118,0.342954831969,0.357267611014
255,0.310236517384,0.383387870118,0.342954831969,0.357267611014
254,0.310236517384,0.383387870118,0.342954831969,0.357267611014
253,0.310236517384,0.383387870118,0.342954831969,0.357267611014
252,0.310236517384,0.383387870118,0.342954831969,0.357267611014
251,0.310236517384,0.383387870118,0.342954831969,0.357267611014
250,0.310236517384,0.383387870118,0.342954831969,0.357267611014
249,0.310236517384,0.383387870118,0.342954831969,0.357267611014
248,0.310236517384,0.383387870118,0.342954831969,0.357267611014
247,0.310236517384,0.383387870118,0.342954831969,0.357267611014
246,0.310236517384,0.383387870118,0.342954831969,0.357267611014
245,0.310236517384,0.383387870118,0.342954831969,0.357267611014
244,0.310236517384,0.383387870118,0.342954831969,0.357267611014
243,0.310236517384,0.383387870118,0.342954831969,0.357267611014
242,0.310236517384,0.383387870118,0.342954831969,0.357267611014
241,0.310236517384,0.383387870118,0.342954831969,0.357267611014
240,0.310236517384,0.383387870118,0.342954831969,0.357267611014
239,0.310236517384,0.383387870118,0.342954831969,0.357267611014
238,0.310236517384,0.383387870118,0.342954831969,0.357267611014
237,0.310236517384,0.383387870118,0.342954831969,0.357267611014
236,0.310236517384,0.383387870118,0.342954831969,0.357267611014
235,0.310236517384,0.383387870118,0.342954831969,0.357267611014
234,0.310236517384,0.383387870118,0.342954831969,0.357267611014
233,0.310236517384,0.383387870118,0.342954831969,0.357267611014
232,0.310236517384,0.383387870118,0.342954831969,0.357267611014
231,0.310236517384,0.383387870118,0.342954831969,0.357267611014
230,0.310236517384,0.383387870118,0.342954831969,0.357267611014
229,0.310236517384,0.383387870118,0.342954831969,0.357267611014
228,0.310236517384,0.383387870118,0.342954831969,0.357267611014
227,0.310236517384,0.383387870118,0.342954831969,0.357267611014
226,0.310236517384,0.383387870118,0.342954831969,0.357267611014
225,0.310236517384,0.383387870118,0.342954831969,0.357267611014
224,0.310236517384,0.383387870118,0.342954831969,0.357267611014
223,0.310236517384,0.383387870118,0.342954831969,0.357267611014
222,0.310236517384,0.383387870118,0.342954831969,0.357267611014
221,0.310236517384,0.383387870118,0.342954831969,0.357267611014
220,0.310236517384,0.383387870118,0.342954831969,0.357267611014
219,0.310236517384,0.383387870118,0.342954831969,0.357267611014
218,0.310236517384,0.383387870118,0.342954831969,0.357267611014
217,0.310236517384,0.383387870118,0.342954831969,0.357267611014
216,0.310236517384,0.383387870118,0.342954831969,0.357267611014
215,0.310236517384,0.383387870118,0.342954831969,0.357267611014
214,0.310236517384,0.383387870118,0.342954831969,0.357267611014
213,0.310236517384,0.383387870118,0.342954831969,0.357267611014
212,0.310236517384,0.383387870118,0.342954831969,0.357267611014
211,0.310236517384,0.383387870118,0.342954831969,0.357267611014
210,0.310236517384,0.383387870118,0.342954831969,0.357267611014
209,0.310236517384,0.383387870118,0.342954831969,0.357267611014
208,0.310236517384,0.383387870118,0.342954831969,0.357267611014
207,0.310236517384,0.383387870118,0.342954831969,0.357267611014
206,0.310236517384,0.383387870118,0.342954831969,0.357267611014
205,0.310236517384,0.383387870118,0.342954831969,0.357267611014
204,0.310236517384,0.383387870118,0.342954831969,0.357267611014
203,0.310236517384,0.383387870118,0.342954831969,0.357267611014
202,0.310236517384,0.383387870118,0.342954831969,0.357267611014
201,0.310236517384,0.383387870118,0.342954831969,0.357267611014
200,0.310236517384,0.383387870118,0.342954831969,0.357267611014
199,0.310236517384,0.383387870118,0.342954831969,0.357267611014
198,0.310236517384,0.383387870118,0.342954831969,0.357267611014
197,0.310236517384,0.383387870118,0.342954831969,0.357267611014
196,0.310236517384,0.383387870118,0.342954831969,0.357267611014
195,0.310236517384,0.383387870118,0.342954831969,0.357267611014
194,0.310236517384,0.383387870118,0.342954831969,0.357267611014
193,0.310236517384,0.383387870118,0.342954831969,0.357267611014
192,0.310236517384,0.383387870118,0.342954831969,0.357267611014
191,0.310236517384,0.383387870118,0.342954831969,0.357267611014
190,0.310236517384,0.383387870118,0.342954831969,0.357267611014
189,0.310236517384,0.383387870118,0.342954831969,0.357267611014
188,0.310236517384,0.383387870118,0.342954831969,0.357267611014
187,0.310236517384,0.383387870118,0.342954831969,0.357267611014
186,0.310236517384,0.383387870118,0.342954831969,0.357267611014
185,0.310236517384,0.383387870118,0.342954831969,0.357267611014
184,0.310236517384,0.383387870118,0.342954831969,0.357267611014
183,0.310236517384,0.383387870118,0.342954831969,0.357267611014
182,0.310236517384,0.383387870118,0.342954831969,0.357267611014
181,0.310236517384,0.383387870118,0.342954831969,0.357267611014
180,0.310236517384,0.383387870118,0.342954831969,0.357267611014
179,0.310236517384,0.383387870118,0.342954831969,0.357267611014
178,0.310236517384,0.383387870118,0.342954831969,0.357267611014
177,0.310236517384,0.383387870118,0.342954831969,0.357267611014
176,0.310236517384,0.383387870118,0.342954831969,0.357267611014
175,0.310236517384,0.383387870118,0.342954831969,0.357267611014
174,0.310236517384,0.383387870118,0.342954831969,0.357267611014
173,0.310236517384,0.383387870118,0.342954831969,0.357267611014
172,0.310236517384,0.383387870118,0.342954831969,0.357267611014
171,0.310236517384,0.383387870118,0.342954831969,0.357267611014
170,0.310236517384,0.383387870118,0.342954831969,0.357267611014
169,0.310236517384,0.383387870118,0.342954831969,0.357267611014
168,0.310236517384,0.383387870118,0.342954831969,0.357267611014
167,0.310236517384,0.383387870118,0.342954831969,0.357267611014
166,0.310236517384,0.383387870118,0.342954831969,0.357267611014
165,0.310236517384,0.383387870118,0.342954831969,0.357267611014
164,0.310236517384,0.383387870118,0.342954831969,0.357267611014
163,0.310236517384,0.383387870118,0.342954831969,0.357267611014
162,0.310236517384,0.383387870118,0.342954831969,0.357267611014
161,0.310236517384,0.383387870118,0.342954831969,0.357267611014
160,0.310236517384,0.383387870118,0.342954831969,0.357267611014
159,0.310236517384,0.383387870118,0.342954831969,0.357267611014
158,0.310236517384,0.383387870118,0.342954831969,0.357267611014
157,0.310236517384,0.383387870118,0.342954831969,0.357267611014
156,0.310236517384,0.383387870118,0.342954831969,0.357267611014
155,0.310236517384,0.383387870118,0.342954831969,0.357267611014
154,0.310236517384,0.383387870118,0.342954831969,0.357267611014
153,0.310236517384,0.383387870118,0.342954831969,0.357267611014
152,0.310236517384,0.383387870118,0.342954831969,0.357267611014
151,0.310236517384,0.383387870118,0.342954831969,0.357267611014
150,0.310236517384,0.383387870118,0.342954831969,0.357267611014
149,0.310236517384,0.383387870118,0.342954831969,0.357267611014
148,0.310236517384,0.383387870118,0.342954831969,0.357267611014
147,0.310236517384,0.383387870118,0.342954831969,0.357267611014
146,0.310236517384,0.383387870118,0.342954831969,0.357267611014
145,0.310236517384,0.383387870118,0.342954831969,0.357267611014
144,0.310236517384,0.383387870118,0.342954831969,0.357267611014
143,0.310236517384,0.383387870118,0.342954831969,0.357267611014
142,0.310236517384,0.383387870118,0.342954831969,0.357267611014
141,0.310236517384,0.383387870118,0.342954831969,0.357267611014
140,0.310236517384,0.383387870118,0.342954831969,0.357267611014
139,0.310236517384,0.383387870118,0.342954831969,0.357267611014
138,0.310236517384,0.383387870118,0.342954831969,0.357267611014
137,0.310236517384,0.383387870118,0.342954831969,0.357267611014
136,0.310236517384,0.383387870118,0.342954831969,0.357267611014
135,0.310236517384,0.383387870118,0.342954831969,0.357267611014
134,0.310236517384,0.383387870118,0.342954831969,0.357267611014
133,0.310236517384,0.383387870118,0.342954831969,0.357267611014
132,0.310236517384,0.383387870118,0.342954831969,0.357267611014
131,0.310236517384,0.383387870118,0.342954831969,0.357267611014
130,0.310236517384,0.383387870118,0.342954831969,0.357267611014
129,0.310236517384,0.383387870118,0.342954831969,0.357267611014
128,0.310236517384,0.383387870118,0.342954831969,0.357267611014
127,0.310236517384,0.383387870118,0.342954831969,0.357267611014
126,0.310236517384,0.383387870118,0.342954831969,0.357267611014
125,0.310236517384,0.383387870118,0.342954831969,0.357267611014
124,0.310236517384,0.383387870118,0.342954831969,0.357267611014
123,0.310236517384,0.383387870118,0.342954831969,0.357267611014
122,0.310236517384,0.383387870118,0.342954831969,0.357267611014
121,0.310236517384,0.383387870118,0.342954831969,0.357267611014
120,0.310236517384,0.383387870118,0.342954831969,0.357267611014
119,0.310236517384,0.383387870118,0.342954831969,0.357267611014
118,0.310236517384,0.383387870118,0.342954831969,0.357267611014
117,0.310236517384,0.383387870118,0.342954831969,0.357267611014
116,0.310236517384,0.383387870118,0.342954831969,0.357267611014
115,0.310236517384,0.383387870118,0.342954831969,0.357267611014
114,0.310236517384,0.383387870118,0.342954831969,0.357267611014
113,0.310236517384,0.383387870118,0.342954831969,0.357267611014
112,0.310236517384,0.383387870118,0.342954831969,0.357267611014
111,0.310236517384,0.383387870118,0.342954831969,0.357267611014
110,0.310236517384,0.383387870118,0.342954831969,0.357267611014
109,0.310236517384,0.383387870118,0.342954831969,0.357267611014
108,0.310236517384,0.383387870118,0.342954831969,0.357267611014
107,0.310236517384,0.383387870118,0.342954831969,0.357267611014
106,0.310236517384,0.383387870118,0.342954831969,0.357267611014
105,0.310236517384,0.383387870118,0.342954831969,0.357267611014
104,0.310236517384,0.383387870118,0.342954831969,0.357267611014
103,0.310236517384,0.383387870118,0.342954831969,0.357267611014
102,0.310236517384,0.383387870118,0.342954831969,0.357267611014
101,0.310236517384,0.383387870118,0.342954831969,0.357267611014
100,0.310236517384,0.383387870118,0.342954831969,0.357267611014
99,0.310236517384,0.383387870118,0.342954831969,0.357267611014
98,0.310236517384,0.383387870118,0.342954831969,0.357267611014
97,0.310236517384,0.383387870118,0.342954831969,0.357267611014
96,0.310236517384,0.383387870118,0.342954831969,0.357267611014
95,0.310236517384,0.383387870118,0.342954831969,0.357267611014
94,0.310236517384,0.383387870118,0.342954831969,0.357267611014
93,0.310236517384,0.383387870118,0.342954831969,0.357267611014
92,0.310236517384,0.383387870118,0.342954831969,0.357267611014
91,0.310236517384,0.383387870118,0.342954831969,0.357267611014
90,0.310236517384,0.383387870118,0.342954831969,0.357267611014
89,0.310236517384,0.383387870118,0.342954831969,0.357267611014
88,0.310236517384,0.383387870118,0.342954831969,0.357267611014
87,0.310236517384,0.383387870118,0.342954831969,0.357267611014
86,0.310236517384,0.383387870118,0.342954831969,0.357267611014
85,0.310236517384,0.383387870118,0.342954831969,0.357267611014
84,0.310236517384,0.383387870118,0.342954831969,0.357267611014
83,0.310236517384,0.383387870118,0.342954831969,0.357267611014
82,0.310236517384,0.383387870118,0.342954831969,0.357267611014
81,0.310236517384,0.383387870118,0.342954831969,0.357267611014
80,0.310236517384,0.383387870118,0.342954831969,0.357267611014
79,0.310236517384,0.383387870118,0.342954831969,0.357267611014
78,0.310236517384,0.383387870118,0.342954831969,0.357267611014
77,0.310236517384,0.383387870118,0.342954831969,0.357267611014
76,0.310236517384,0.383387870118,0.342954831969,0.357267611014
75,0.310236517384,0.383387870118,0.342954831969,0.357267611014
74,0.310236517384,0.383387870118,0.342954831969,0.357267611014
73,0.310236517384,0.383387870118,0.342954831969,0.357267611014
72,0.310236517384,0.383387870118,0.342954831969,0.357267611014
71,0.310236517384,0.383387870118,0.342954831969,0.357267611014
70,0.310236517384,0.383387870118,0.342954831969,0.357267611014
69,0.310236517384,0.383387870118,0.342954831969,0.357267611014
68,0.310236517384,0.383387870118,0.342954831969,0.357267611014
67,0.310236517384,0.383387870118,0.342954831969,0.357267611014
66,0.310236517384,0.383387870118,0.342954831969,0.357267611014
65,0.310236517384,0.383387870118,0.342954831969,0.357267611014
64,0.310236517384,0.383387870118,0.342954831969,0.357267611014
63,0.310236517384,0.383387870118,0.342954831969,0.357267611014
62,0.310236517384,0.383387870118,0.342954831969,0.357267611014
61,0.310236517384,0.383387870118,0.342954831969,0.357267611014
60,0.310236517384,0.383387870118,0.342954831969,0.357267611014
59,0.310236517384,0.383387870118,0.342954831969,0.357267611014
58,0.310236517384,0.383387870118,0.342954831969,0.357267611014
57,0.310236517384,0.383387870118,0.342954831969,0.357267611014
56,0.310236517384,0.383387870118,0.342954831969,0.357267611014
55,0.310236517384,0.383387870118,0.342954831969,0.357267611014
54,0.310236517384,0.383387870118,0.342954831969,0.357267611014
53,0.310236517384,0.383387870118,0.342954831969,0.357267611014
52,0.310236517384,0.383387870118,0.342954831969,0.357267611014
51,0.310236517384,0.383387870118,0.342954831969,0.357267611014
50,0.310236517384,0.383387870118,0.342954831969,0.357267611014
49,0.310236517384,0.383387870118,0.342954831969,0.357267611014
48,0.310236517384,0.383387870118,0.342954831969,0.357267611014
47,0.310236517384,0.383387870118,0.342954831969,0.357267611014
46,0.310236517384,0.383387870118,0.342954831969,0.357267611014
45,0.310236517384,0.383387870118,0.342954831969,0.357267611014
44,0.310236517384,0.383387870118,0.342954831969,0.357267611014
43,0.310236517384,0.383387870118,0.342954831969,0.357267611014
42,0.310236517384,0.383387870118,0.342954831969,0.357267611014
41,0.310236517384,0.383387870118,0.342954831969,0.357267611014
40,0.310236517384,0.383387870118,0.342954831969,0.357267611014
39,0.310236517384,0.383387870118,0.342954831969,0.357267611014
38,0.310236517384,0.383387870118,0.342954831969,0.357267611014
37,0.310236517384,0.383387870118,0.342954831969,0.357267611014
36,0.310236517384,0.383387870118,0.342954831969,0.357267611014
35,0.310236517384,0.383387870118,0.342954831969,0.357267611014
34,0.310236517384,0.383387870118,0.342954831969,0.357267611014
33,0.310236517384,0.383387870118,0.342954831969,0.357267611014
32,0.310236517384,0.383387870118,0.342954831969,0.357267611014
31,0.310236517384,0.383387870118,0.342954831969,0.357267611014
30,0.310236517384,0.383387870118,0.342954831969,0.357267611014
29,0.310236517384,0.383387870118,0.342954831969,0.357267611014
28,0.310236517384,0.383387870118,0.342954831969,0.357267611014
27,0.310236517384,0.383387870118,0.342954831969,0.357267611014
26,0.310236517384,0.383387870118,0.342954831969,0.357267611014
25,0.310236517384,0.383387870118,0.342954831969,0.357267611014
24,0.310236517384,0.383387870118,0.342954831969,0.357267611014
23,0.310236517384,0.383387870118,0.342954831969,0.357267611014
22,0.310236517384,0.383387870118,0.342954831969,0.357267611014
21,0.310236517384,0.383387870118,0.342954831969,0.357267611014
20,0.310236517384,0.383387870118,0.342954831969,0.357267611014
19,0.310236517384,0.383387870118,0.342954831969,0.357267611014
18,0.310236517384,0.383387870118,0.342954831969,0.357267611014
17,0.310236517384,0.383387870118,0.342954831969,0.357267611014
16,0.310236517384,0.383387870118,0.342954831969,0.357267611014
15,0.310236517384,0.383387870118,0.342954831969,0.357267611014
14,0.310236517384,0.383387870118,0.342954831969,0.357267611014
13,0.310236517384,0.383387870118,0.342954831969,0.357267611014
12,0.310236517384,0.383387870118,0.342954831969,0.357267611014
11,0.310236517384,0.383387870118,0.342954831969,0.357267611014
10,0.310236517384,0.383387870118,0.342954831969,0.357267611014
9,0.310236517384,0.383387870118,0.342954831969,0.357267611014
8,0.310236517384,0.383387870118,0.342954831969,0.357267611014
7,0.310236517384,0.383387870118,0.342954831969,0.357267611014
6,0.310236517384,0.383387870118,0.342954831969,0.357267611014
5,0.310236517384,0.383387870118,0.342954831969,0.357267611014
4,0.310236517384,0.383387870118,0.342954831969,0.357267611014
3,0.310236517384,0.383387870118,0.342954831969,0.357267611014
2,0.310236517384,0.383387870118,0.342954831969,0.357267611014
1,0.310236517384,0.383387870118,0.342954831969,0.357267611014
0,0.310236517384,0.383387870118,0.342954831969,0.357267611014
