998,0.178518109162,0.0240829074517,0.042440409957,0.341113712106
997,0.178518109162,0.0240829074517,0.042440409957,0.341113712106
996,0.178518109162,0.0240829074517,0.042440409957,0.341113712106
995,0.178518109162,0.0240829074517,0.042440409957,0.341113712106
994,0.178518109162,0.0240829074517,0.042440409957,0.341113712106
993,0.178518109162,0.0240829074517,0.042440409957,0.341113712106
992,0.191077287742,0.0403384531837,0.0666139839513,0.347563963566
991,0.191077287742,0.0403384531837,0.0666139839513,0.347563963566
990,0.191077287742,0.0403384531837,0.0666139839513,0.347563963566
989,0.191077287742,0.0403384531837,0.0666139839513,0.347563963566
988,0.191077287742,0.0403384531837,0.0666139839513,0.347563963566
987,0.191077287742,0.0403384531837,0.0666139839513,0.347563963566
986,0.191077287742,0.0403384531837,0.0666139839513,0.347563963566
985,0.203692662242,0.0444005101555,0.0729085611754,0.349093021085
984,0.203692662242,0.0444005101555,0.0729085611754,0.349093021085
983,0.203692662242,0.0444005101555,0.0729085611754,0.349093021085
982,0.203692662242,0.0444005101555,0.0729085611754,0.349093021085
981,0.203692662242,0.0444005101555,0.0729085611754,0.349093021085
980,0.203692662242,0.0444005101555,0.0729085611754,0.349093021085
979,0.224255018258,0.0484642813353,0.07970362429,0.350600567649
978,0.224255018258,0.0484642813353,0.07970362429,0.350600567649
977,0.224255018258,0.0484642813353,0.07970362429,0.350600567649
976,0.224255018258,0.0484642813353,0.07970362429,0.350600567649
975,0.224255018258,0.0484642813353,0.07970362429,0.350600567649
974,0.224255018258,0.0484642813353,0.07970362429,0.350600567649
973,0.224255018258,0.0484642813353,0.07970362429,0.350600567649
972,0.223840179756,0.0505815433077,0.0825166580832,0.351818183654
971,0.223840179756,0.0505815433077,0.0825166580832,0.351818183654
970,0.223840179756,0.0505815433077,0.0825166580832,0.351818183654
969,0.223840179756,0.0505815433077,0.0825166580832,0.351818183654
968,0.223840179756,0.0505815433077,0.0825166580832,0.351818183654
967,0.223840179756,0.0505815433077,0.0825166580832,0.351818183654
966,0.223840179756,0.0505815433077,0.0825166580832,0.351818183654
965,0.223793012937,0.0522032902648,0.0846586093947,0.351435819431
964,0.223793012937,0.0522032902648,0.0846586093947,0.351435819431
963,0.223793012937,0.0522032902648,0.0846586093947,0.351435819431
962,0.223793012937,0.0522032902648,0.0846586093947,0.351435819431
961,0.223793012937,0.0522032902648,0.0846586093947,0.351435819431
960,0.223793012937,0.0522032902648,0.0846586093947,0.351435819431
959,0.22352600796,0.0525320350449,0.0850710666191,0.351636268642
958,0.22352600796,0.0525320350449,0.0850710666191,0.351636268642
957,0.22352600796,0.0525320350449,0.0850710666191,0.351636268642
956,0.22352600796,0.0525320350449,0.0850710666191,0.351636268642
955,0.22352600796,0.0525320350449,0.0850710666191,0.351636268642
954,0.22352600796,0.0525320350449,0.0850710666191,0.351636268642
953,0.22352600796,0.0525320350449,0.0850710666191,0.351636268642
952,0.223050158262,0.0531687175171,0.0858687938927,0.351973728926
951,0.223050158262,0.0531687175171,0.0858687938927,0.351973728926
950,0.223050158262,0.0531687175171,0.0858687938927,0.351973728926
949,0.22989947333,0.0533337612537,0.0865816728108,0.352083758084
948,0.22989947333,0.0533337612537,0.0865816728108,0.352083758084
947,0.22989947333,0.0533337612537,0.0865816728108,0.352083758084
946,0.22989947333,0.0533337612537,0.0865816728108,0.352083758084
945,0.228522959716,0.0608775743105,0.0961430393248,0.355916399698
944,0.228522959716,0.0608775743105,0.0961430393248,0.355916399698
943,0.228522959716,0.0608775743105,0.0961430393248,0.355916399698
942,0.225098302181,0.0608775743105,0.0958363256812,0.355552692204
941,0.225098302181,0.0608775743105,0.0958363256812,0.355552692204
940,0.225098302181,0.0608775743105,0.0958363256812,0.355552692204
939,0.242564906946,0.0623618969946,0.0992159924676,0.356442104475
938,0.242564906946,0.0623618969946,0.0992159924676,0.356442104475
937,0.242564906946,0.0623618969946,0.0992159924676,0.356442104475
936,0.242564906946,0.0623618969946,0.0992159924676,0.356442104475
935,0.256263537083,0.0634577874055,0.101725570429,0.357172698083
934,0.256263537083,0.0634577874055,0.101725570429,0.357172698083
933,0.256263537083,0.0634577874055,0.101725570429,0.357172698083
932,0.258537205622,0.0638673862517,0.102430895763,0.357285546084
931,0.258537205622,0.0638673862517,0.102430895763,0.357285546084
930,0.258537205622,0.0638673862517,0.102430895763,0.357285546084
929,0.259107981877,0.0639235281785,0.102547868336,0.357322974035
928,0.259107981877,0.0639235281785,0.102547868336,0.357322974035
927,0.259107981877,0.0639235281785,0.102547868336,0.357322974035
926,0.259107981877,0.0639235281785,0.102547868336,0.357322974035
925,0.263785091543,0.0644520402172,0.103592711999,0.3574909759
924,0.263785091543,0.0644520402172,0.103592711999,0.3574909759
923,0.263785091543,0.0644520402172,0.103592711999,0.3574909759
922,0.27748372168,0.0645027758844,0.10467354962,0.357524799678
921,0.27748372168,0.0645027758844,0.10467354962,0.357524799678
920,0.27748372168,0.0645027758844,0.10467354962,0.357524799678
919,0.282992783177,0.0660762119093,0.107136934951,0.358257270268
918,0.282992783177,0.0660762119093,0.107136934951,0.358257270268
917,0.282992783177,0.0660762119093,0.107136934951,0.358257270268
916,0.282992783177,0.0660762119093,0.107136934951,0.358257270268
915,0.289842098246,0.0662564570427,0.107857278534,0.35837743369
914,0.289842098246,0.0662564570427,0.107857278534,0.35837743369
913,0.289842098246,0.0662564570427,0.107857278534,0.35837743369
912,0.283363677265,0.0675612030427,0.109108199554,0.357518903425
911,0.283363677265,0.0675612030427,0.109108199554,0.357518903425
910,0.283363677265,0.0675612030427,0.109108199554,0.357518903425
909,0.284015992986,0.0678015298872,0.10946992452,0.357679121321
908,0.284015992986,0.0678015298872,0.10946992452,0.357679121321
907,0.284015992986,0.0678015298872,0.10946992452,0.357679121321
906,0.284015992986,0.0678015298872,0.10946992452,0.357679121321
905,0.284596348139,0.069169872492,0.111290971068,0.357865726599
904,0.284596348139,0.069169872492,0.111290971068,0.357865726599
903,0.284596348139,0.069169872492,0.111290971068,0.357865726599
902,0.277747033071,0.069169872492,0.110756936629,0.35780642517
901,0.277747033071,0.069169872492,0.110756936629,0.35780642517
900,0.277747033071,0.069169872492,0.110756936629,0.35780642517
899,0.299448088754,0.0727738788161,0.117091417602,0.359194094961
898,0.299448088754,0.0727738788161,0.117091417602,0.359194094961
897,0.299448088754,0.0727738788161,0.117091417602,0.359194094961
896,0.299448088754,0.0727738788161,0.117091417602,0.359194094961
895,0.29914701996,0.0743466844985,0.119094854056,0.360102441424
894,0.294912689842,0.0743466844985,0.11875544525,0.359984618301
893,0.294912689842,0.0743466844985,0.11875544525,0.359984618301
892,0.296481953917,0.0773690399474,0.122714795535,0.361435170874
891,0.296481953917,0.0773690399474,0.122714795535,0.361435170874
890,0.293656111901,0.0773690399474,0.122470896322,0.361338402026
889,0.289625591433,0.077534083684,0.12232201064,0.360219922805
888,0.289625591433,0.077534083684,0.12232201064,0.360219922805
887,0.289625591433,0.077534083684,0.12232201064,0.360219922805
886,0.289625591433,0.077534083684,0.12232201064,0.360219922805
885,0.300761861974,0.0780358882472,0.123919527169,0.360108490079
884,0.300761861974,0.0780358882472,0.123919527169,0.360108490079
883,0.300761861974,0.0780358882472,0.123919527169,0.360108490079
882,0.31447828254,0.0783215074585,0.125409502646,0.359012802266
881,0.31447828254,0.0783215074585,0.125409502646,0.359012802266
880,0.31447828254,0.0783215074585,0.125409502646,0.359012802266
879,0.309847735145,0.0802702580938,0.127507872495,0.359811019498
878,0.309847735145,0.0802702580938,0.127507872495,0.359811019498
877,0.310581590331,0.0805044227116,0.127865435227,0.359967129244
876,0.310581590331,0.0805044227116,0.127865435227,0.359967129244
875,0.308615519872,0.0806846678449,0.12792462731,0.359912054342
874,0.308615519872,0.0806846678449,0.12792462731,0.359912054342
873,0.308615519872,0.0806846678449,0.12792462731,0.359912054342
872,0.309181003045,0.0824328168939,0.130162214475,0.36087271987
871,0.309181003045,0.0824328168939,0.130162214475,0.36087271987
870,0.309181003045,0.0824328168939,0.130162214475,0.36087271987
869,0.310384641905,0.0828164377173,0.130747099624,0.361068385374
868,0.310384641905,0.0828164377173,0.130747099624,0.361068385374
867,0.310384641905,0.0828164377173,0.130747099624,0.361068385374
866,0.310384641905,0.0828164377173,0.130747099624,0.361068385374
865,0.306461044015,0.0832364826328,0.130915582591,0.360595369115
864,0.306461044015,0.0832364826328,0.130915582591,0.360595369115
863,0.306461044015,0.0832364826328,0.130915582591,0.360595369115
862,0.309463551694,0.0853442792578,0.133791387634,0.361681309146
861,0.309463551694,0.0853442792578,0.133791387634,0.361681309146
860,0.309463551694,0.0853442792578,0.133791387634,0.361681309146
859,0.350728266422,0.0930456996133,0.147073778189,0.365436209505
858,0.350728266422,0.0930456996133,0.147073778189,0.365436209505
857,0.350728266422,0.0930456996133,0.147073778189,0.364294656994
856,0.350728266422,0.0930456996133,0.147073778189,0.364294656994
855,0.350301557756,0.0934683453982,0.147563441149,0.364202356214
854,0.350301557756,0.0934683453982,0.147563441149,0.364202356214
853,0.350301557756,0.0934683453982,0.147563441149,0.364202356214
852,0.345908274601,0.0942024046732,0.14807816669,0.363045265134
851,0.345908274601,0.0942024046732,0.14807816669,0.363045265134
850,0.345908274601,0.0942024046732,0.14807816669,0.363045265134
849,0.345745195671,0.0942949629849,0.148177523286,0.363076117905
848,0.345745195671,0.0942949629849,0.148177523286,0.363076117905
847,0.345745195671,0.0942949629849,0.148177523286,0.363076117905
846,0.345745195671,0.0942949629849,0.148177523286,0.363076117905
845,0.335017883955,0.0949712435564,0.147990090991,0.362575988879
844,0.335017883955,0.0949712435564,0.147990090991,0.362575988879
843,0.335017883955,0.0949712435564,0.147990090991,0.362575988879
842,0.334914790701,0.0951514886898,0.148198742597,0.362446400875
841,0.334914790701,0.0951514886898,0.148198742597,0.362446400875
840,0.335599722208,0.0952568627678,0.148393585235,0.36251665026
839,0.341280519454,0.0963435083197,0.150266715165,0.361911766612
838,0.341280519454,0.0963435083197,0.150266715165,0.361911766612
837,0.341280519454,0.0963435083197,0.150266715165,0.361911766612
836,0.341280519454,0.0963435083197,0.150266715165,0.361911766612
835,0.355007793953,0.0972520610246,0.152678772001,0.362457386704
834,0.355007793953,0.0972520610246,0.152678772001,0.362457386704
833,0.355007793953,0.0972520610246,0.152678772001,0.362457386704
832,0.351765983609,0.0977325707365,0.152965981952,0.362313105022
831,0.351765983609,0.0977325707365,0.152965981952,0.362313105022
830,0.351765983609,0.0977325707365,0.152965981952,0.362313105022
829,0.358290389268,0.100060413897,0.156433388566,0.363809061137
828,0.358290389268,0.100060413897,0.156433388566,0.363809061137
827,0.360973915787,0.100300740741,0.156982182435,0.363969279033
826,0.360973915787,0.100300740741,0.156982182435,0.363969279033
825,0.351871273414,0.101247258775,0.157248045904,0.363617958698
824,0.352095361958,0.101303400702,0.15733813356,0.363655386649
823,0.352095361958,0.101303400702,0.15733813356,0.363655386649
822,0.34885434548,0.101303400702,0.157012211148,0.36340985886
821,0.34885434548,0.101303400702,0.157012211148,0.36340985886
820,0.346571240457,0.101303400702,0.156779786205,0.362839082605
819,0.34789188638,0.10355606657,0.159603405486,0.361213918686
818,0.34789188638,0.10355606657,0.159603405486,0.361213918686
817,0.348230669706,0.103736311704,0.159853116636,0.361334082108
816,0.348230669706,0.103736311704,0.159853116636,0.361334082108
815,0.346960359763,0.104827525484,0.161009168872,0.361129160479
814,0.346960359763,0.104827525484,0.161009168872,0.361129160479
813,0.346960359763,0.104827525484,0.161009168872,0.361129160479
812,0.36204588754,0.105694418745,0.163621689764,0.358412505462
811,0.36204588754,0.105694418745,0.163621689764,0.358412505462
810,0.36204588754,0.105694418745,0.163621689764,0.358412505462
809,0.360813539732,0.105874663878,0.16371106853,0.35820882473
808,0.360813539732,0.105874663878,0.16371106853,0.35820882473
807,0.360813539732,0.105874663878,0.16371106853,0.35820882473
806,0.360813539732,0.105874663878,0.16371106853,0.35820882473
805,0.372331973578,0.106674015068,0.165835699349,0.357788342981
804,0.372331973578,0.106674015068,0.165835699349,0.357788342981
803,0.372331973578,0.106674015068,0.165835699349,0.357788342981
802,0.374106803637,0.107815567579,0.167390184721,0.358472384388
801,0.374106803637,0.107815567579,0.167390184721,0.358472384388
800,0.374106803637,0.107815567579,0.167390184721,0.358472384388
799,0.372684242041,0.108344447763,0.167882994298,0.35850721926
798,0.372684242041,0.108344447763,0.167882994298,0.35850721926
797,0.372684242041,0.108344447763,0.167882994298,0.35850721926
796,0.372684242041,0.108344447763,0.167882994298,0.35850721926
795,0.372119473957,0.108892392968,0.168482246595,0.358687853157
794,0.369836368934,0.108892392968,0.168247117887,0.358307335653
793,0.369836368934,0.108892392968,0.168247117887,0.358307335653
792,0.368962340551,0.112170993072,0.17203909708,0.359501819095
791,0.368962340551,0.112170993072,0.17203909708,0.359501819095
790,0.369189892547,0.112351238205,0.172275799144,0.359621982517
789,0.368547890871,0.112468320514,0.172343307083,0.359572163782
788,0.368547890871,0.112468320514,0.172343307083,0.359572163782
787,0.368547890871,0.112468320514,0.172343307083,0.359572163782
786,0.368547890871,0.112468320514,0.172343307083,0.359572163782
785,0.368967519015,0.114727245532,0.175030330077,0.360372765077
784,0.368848192969,0.114727245532,0.175016900486,0.360354051101
783,0.368848192969,0.114727245532,0.175016900486,0.360354051101
782,0.369244732262,0.1147779812,0.175120562564,0.360387874879
781,0.369244732262,0.1147779812,0.175120562564,0.360387874879
780,0.370712442634,0.114838062911,0.175355182717,0.360427929353
779,0.372797021549,0.119087419427,0.180511646915,0.362565822417
778,0.372797021549,0.119087419427,0.180511646915,0.362565822417
777,0.372797021549,0.119087419427,0.180511646915,0.362565822417
776,0.372797021549,0.119087419427,0.180511646915,0.362565822417
775,0.371862181564,0.119528059871,0.180906991445,0.362034840374
774,0.370688013266,0.119528059871,0.180767712326,0.361856936086
773,0.370688013266,0.119528059871,0.180767712326,0.361856936086
772,0.370040727471,0.120470597835,0.181765538783,0.361335213782
771,0.370040727471,0.120470597835,0.181765538783,0.361335213782
770,0.370040727471,0.120470597835,0.181765538783,0.361335213782
769,0.369823288897,0.120804710765,0.182119224668,0.361446584759
768,0.369823288897,0.120804710765,0.182119224668,0.361446584759
767,0.370819552907,0.120982615053,0.182442136884,0.361565187617
766,0.370819552907,0.120982615053,0.182442136884,0.361565187617
765,0.37219971969,0.122423443899,0.184245198596,0.361726626223
764,0.37219971969,0.122423443899,0.184245198596,0.361726626223
763,0.37219971969,0.122423443899,0.184245198596,0.361726626223
762,0.37164087304,0.122423443899,0.184176650737,0.361456258523
761,0.37164087304,0.122423443899,0.184176650737,0.361456258523
760,0.37164087304,0.122634192055,0.18441504101,0.361596757294
759,0.370516752117,0.1244742146,0.186345953025,0.360553776277
758,0.370516752117,0.1244742146,0.186345953025,0.360553776277
757,0.370516752117,0.1244742146,0.186345953025,0.360553776277
756,0.370516752117,0.1244742146,0.186345953025,0.360553776277
755,0.372829284076,0.125056009702,0.187290298184,0.360766401355
754,0.372829284076,0.125056009702,0.187290298184,0.360766401355
753,0.372829284076,0.125056009702,0.187290298184,0.360766401355
752,0.382015536905,0.126956373457,0.190577539476,0.359456081446
751,0.382015536905,0.126956373457,0.190577539476,0.359456081446
750,0.382015536905,0.126956373457,0.190577539476,0.359456081446
749,0.382015536905,0.126956373457,0.190577539476,0.359456081446
748,0.382015536905,0.126956373457,0.190577539476,0.359456081446
747,0.382015536905,0.126956373457,0.190577539476,0.359456081446
746,0.382015536905,0.126956373457,0.190577539476,0.359456081446
745,0.376238691679,0.12951913192,0.192701354155,0.360348111403
744,0.376238691679,0.12951913192,0.192701354155,0.360348111403
743,0.376238691679,0.12951913192,0.192701354155,0.360348111403
742,0.375796878415,0.129723589086,0.192869420605,0.359788520819
741,0.375796878415,0.129723589086,0.192869420605,0.359788520819
740,0.375796878415,0.129723589086,0.192869420605,0.359788520819
739,0.373334921501,0.13117487358,0.19413760291,0.359163745398
738,0.373334921501,0.13117487358,0.19413760291,0.359163745398
737,0.373334921501,0.13117487358,0.19413760291,0.359163745398
736,0.373334921501,0.13117487358,0.19413760291,0.359163745398
735,0.37128012698,0.131443474171,0.194151814911,0.35928351103
734,0.37128012698,0.131443474171,0.194151814911,0.35928351103
733,0.37128012698,0.131443474171,0.194151814911,0.35928351103
732,0.367343089783,0.132461592112,0.194711463444,0.358328901174
731,0.367343089783,0.132461592112,0.194711463444,0.358328901174
730,0.366768322085,0.132461592112,0.194630628085,0.358210298316
729,0.367059211976,0.13288216409,0.195125367779,0.358490679635
728,0.367059211976,0.13288216409,0.195125367779,0.358490679635
727,0.365606477636,0.13288216409,0.194919506231,0.35805008042
726,0.365606477636,0.13288216409,0.194919506231,0.35805008042
725,0.365227832487,0.133771375956,0.1958200689,0.357637302987
724,0.365227832487,0.133771375956,0.1958200689,0.357637302987
723,0.365227832487,0.133771375956,0.1958200689,0.357637302987
722,0.366402922066,0.134297090928,0.196552207965,0.357898246105
721,0.366402922066,0.134297090928,0.196552207965,0.357898246105
720,0.366126182064,0.134297090928,0.196512367899,0.357572088244
719,0.359030919426,0.135403701047,0.196645272267,0.356126700057
718,0.359030919426,0.135403701047,0.196645272267,0.356126700057
717,0.358835224709,0.135403701047,0.196615907649,0.356067398627
716,0.358835224709,0.135403701047,0.196615907649,0.356067398627
715,0.358757831319,0.135403701047,0.196604288106,0.356007316916
714,0.358757831319,0.135403701047,0.196604288106,0.356007316916
713,0.358757831319,0.135403701047,0.196604288106,0.356007316916
712,0.359001420752,0.137864548786,0.199223017553,0.356218969028
711,0.359001420752,0.137864548786,0.199223017553,0.356218969028
710,0.358830187875,0.137864548786,0.199196642488,0.356159667599
709,0.35897989968,0.138044793919,0.199407823839,0.356279831021
708,0.35897989968,0.138044793919,0.199407823839,0.356279831021
707,0.358394507373,0.138044793919,0.19931740208,0.355878766092
706,0.358394507373,0.138044793919,0.19931740208,0.355878766092
705,0.363395478092,0.140412297683,0.202558183894,0.356282257742
704,0.365622324786,0.140946010545,0.203459254954,0.356578764888
703,0.365622324786,0.140946010545,0.203459254954,0.356578764888
702,0.365341413546,0.141123914833,0.203600948145,0.356621154428
701,0.365341413546,0.141123914833,0.203600948145,0.356621154428
700,0.364814543156,0.141123914833,0.203519047446,0.356561852999
699,0.359225567289,0.14201433261,0.203555938804,0.355395383076
698,0.359225567289,0.14201433261,0.203555938804,0.355395383076
697,0.359225567289,0.14201433261,0.203555938804,0.355395383076
696,0.359225567289,0.14201433261,0.203555938804,0.355395383076
695,0.359225567289,0.14201433261,0.203555938804,0.355395383076
694,0.359225567289,0.14201433261,0.203555938804,0.355395383076
693,0.359225567289,0.14201433261,0.203555938804,0.355395383076
692,0.37281687662,0.145428616942,0.20923768142,0.35616462903
691,0.37281687662,0.145428616942,0.20923768142,0.35616462903
690,0.37268578925,0.145428616942,0.209217030976,0.356086574158
689,0.372042887182,0.14571400507,0.209410478007,0.355706465277
688,0.372042887182,0.14571400507,0.209410478007,0.355706465277
687,0.385741517319,0.147997110093,0.213919798471,0.357228535292
686,0.385741517319,0.147997110093,0.213919798471,0.357228535292
685,0.390339091437,0.153380349038,0.220225144186,0.356811162759
684,0.390339091437,0.153380349038,0.220225144186,0.356811162759
683,0.390339091437,0.153380349038,0.220225144186,0.356811162759
682,0.392737366801,0.154434089817,0.221692988717,0.356888394491
681,0.392737366801,0.154434089817,0.221692988717,0.356888394491
680,0.392771985822,0.154484825485,0.221750777446,0.356668539933
679,0.387945598539,0.157643280987,0.224187183036,0.356853509652
678,0.387945598539,0.157643280987,0.224187183036,0.356853509652
677,0.387945598539,0.157643280987,0.224187183036,0.356853509652
676,0.387945598539,0.157643280987,0.224187183036,0.356853509652
675,0.387953940693,0.157928669115,0.224477015501,0.356512240727
674,0.387953940693,0.157928669115,0.224477015501,0.355370688216
673,0.387953940693,0.157928669115,0.224477015501,0.355370688216
672,0.388804692651,0.159621674616,0.226326303197,0.355417473689
671,0.388804692651,0.159621674616,0.226326303197,0.355417473689
670,0.388804692651,0.159621674616,0.226326303197,0.355417473689
669,0.388163804723,0.159621674616,0.226217593829,0.355264257023
668,0.388163804723,0.159621674616,0.226217593829,0.355264257023
667,0.388303198739,0.159672410283,0.226292216816,0.355298080801
666,0.388303198739,0.159672410283,0.226292216816,0.355298080801
665,0.399538270528,0.162011905613,0.230540241367,0.355737254701
664,0.399463003329,0.162011905613,0.230527709647,0.355657145753
663,0.399463003329,0.162011905613,0.230527709647,0.355657145753
662,0.395065533114,0.162507036823,0.230287258014,0.355714780074
661,0.395065533114,0.162507036823,0.230287258014,0.355714780074
660,0.395254479737,0.16267208056,0.230485060741,0.355824809231
659,0.409404844514,0.166604639703,0.236832026145,0.356798677699
658,0.409404844514,0.166604639703,0.236832026145,0.356798677699
657,0.409404844514,0.166604639703,0.236832026145,0.356798677699
656,0.409404844514,0.166604639703,0.236832026145,0.356798677699
655,0.422883710531,0.170029297238,0.242540201253,0.359013630333
654,0.422994102422,0.170146379546,0.242677467765,0.359052657769
653,0.422994102422,0.170146379546,0.242677467765,0.359052657769
652,0.419932233904,0.170733766852,0.242765326006,0.357725583549
651,0.419932233904,0.170733766852,0.242765326006,0.357725583549
650,0.420085576779,0.170850849161,0.242909302465,0.357803638422
649,0.419902325664,0.171199520075,0.243230763532,0.357888710664
648,0.419902325664,0.171199520075,0.243230763532,0.357888710664
647,0.419851963053,0.171199520075,0.243222313551,0.357725631734
646,0.419851963053,0.171199520075,0.243222313551,0.357725631734
645,0.416708153969,0.171912255995,0.243407254073,0.357080057499
644,0.416708153969,0.171912255995,0.243407254073,0.357080057499
643,0.416708153969,0.171912255995,0.243407254073,0.357080057499
642,0.416231386629,0.171912255995,0.243325852753,0.356985336746
641,0.416231386629,0.171912255995,0.243325852753,0.356985336746
640,0.416026562614,0.171912255995,0.243290841391,0.356909123427
639,0.417597686751,0.174396379486,0.246041400766,0.358297701996
638,0.417597686751,0.174396379486,0.246041400766,0.358297701996
637,0.417597686751,0.174396379486,0.246041400766,0.358297701996
636,0.417597686751,0.174396379486,0.246041400766,0.358297701996
635,0.419373808158,0.175793569239,0.24773944736,0.359198309061
634,0.418783474891,0.175849711166,0.247692038815,0.358664960756
633,0.418783474891,0.175849711166,0.247692038815,0.358664960756
632,0.417147591305,0.177344204219,0.248880499879,0.357821994347
631,0.417147591305,0.177344204219,0.248880499879,0.357821994347
630,0.417184358191,0.177522108507,0.249062187984,0.357875365633
629,0.410429740527,0.177867397377,0.248180944798,0.357132234493
628,0.410429740527,0.177867397377,0.248180944798,0.357132234493
627,0.410199511449,0.177867397377,0.248138837304,0.357077219914
626,0.410199511449,0.177867397377,0.248138837304,0.357077219914
625,0.423578927627,0.181433233927,0.254048759831,0.358369549896
624,0.424492169636,0.182574786439,0.255331200095,0.359130584903
623,0.424492169636,0.182574786439,0.255331200095,0.359130584903
622,0.424818852178,0.182770481155,0.255581662668,0.359002435465
621,0.424818852178,0.182770481155,0.255581662668,0.359002435465
620,0.424795996419,0.182875855233,0.255680531963,0.359017670271
619,0.424219464321,0.183638411291,0.256319747073,0.358504016553
618,0.424219464321,0.183638411291,0.256319747073,0.358504016553
617,0.424520966873,0.184052498857,0.256778019977,0.358622619412
616,0.424520966873,0.184052498857,0.256778019977,0.358622619412
615,0.424520966873,0.184052498857,0.256778019977,0.358622619412
614,0.424469881907,0.184052498857,0.256768674166,0.358562537701
613,0.424469881907,0.184052498857,0.256768674166,0.358562537701
612,0.438337359892,0.189237876674,0.264350874349,0.360012438137
611,0.438337359892,0.189237876674,0.264350874349,0.360012438137
610,0.438319964806,0.189237876674,0.264347710956,0.360012438137
609,0.438207115679,0.189402920411,0.264488146083,0.359779388314
608,0.438207115679,0.189402920411,0.264488146083,0.359779388314
607,0.438144133472,0.189402920411,0.264476672871,0.359720086885
606,0.438144133472,0.189402920411,0.264476672871,0.359720086885
605,0.437635568672,0.190040996625,0.265004953912,0.359354773953
604,0.437759199105,0.190218900913,0.265200565803,0.359383843281
603,0.437759199105,0.190218900913,0.265200565803,0.359383843281
602,0.437659977245,0.190218900913,0.2651823552,0.359366931392
601,0.437659977245,0.190218900913,0.2651823552,0.359366931392
600,0.437398011139,0.190218900913,0.265134247796,0.359280065027
599,0.444255108157,0.192280553434,0.268395388402,0.359680931791
598,0.444255108157,0.192280553434,0.268395388402,0.359680931791
597,0.444255108157,0.192280553434,0.268395388402,0.359680931791
596,0.444255108157,0.192280553434,0.268395388402,0.359680931791
595,0.443726629777,0.192336695361,0.268353512117,0.358988678851
594,0.444148507879,0.192577022205,0.268664575309,0.358007344236
593,0.444148507879,0.192577022205,0.268664575309,0.358007344236
592,0.437489158083,0.193540644122,0.268361123851,0.357013226579
591,0.437489158083,0.193540644122,0.268361123851,0.357013226579
590,0.43776978357,0.194201542944,0.269048812365,0.357453825794
589,0.437988078518,0.194667407289,0.269536914107,0.357523268221
588,0.437988078518,0.194667407289,0.269536914107,0.357523268221
587,0.437793968375,0.194667407289,0.269500146664,0.357269722771
586,0.437793968375,0.194667407289,0.269500146664,0.357269722771
585,0.434258690977,0.195803839998,0.269908191856,0.355220901719
584,0.434346595083,0.196044166843,0.27015343973,0.355381119616
583,0.434346595083,0.196044166843,0.27015343973,0.355381119616
582,0.433856214235,0.196044166843,0.270058512756,0.355091099639
581,0.433856214235,0.196044166843,0.270058512756,0.355091099639
580,0.433778772462,0.196044166843,0.270043508213,0.354868719279
579,0.431995283628,0.198974495228,0.272456927039,0.352462317441
578,0.431995283628,0.198974495228,0.272456927039,0.352462317441
577,0.431669125767,0.198974495228,0.272392024737,0.351891541185
576,0.431669125767,0.198974495228,0.272392024737,0.351891541185
575,0.431517079661,0.198974495228,0.272361746064,0.351836526607
574,0.431417697442,0.198974495228,0.272341947058,0.35167630871
573,0.431417697442,0.198974495228,0.272341947058,0.35167630871
572,0.42641069728,0.20145197188,0.273630779523,0.349064914775
571,0.42641069728,0.20145197188,0.273630779523,0.349064914775
570,0.42641069728,0.20145197188,0.273630779523,0.349064914775
569,0.42641069728,0.20145197188,0.273630779523,0.349064914775
568,0.42641069728,0.20145197188,0.273630779523,0.349064914775
567,0.426387514785,0.201629876168,0.273790067104,0.349148392941
566,0.426387514785,0.201629876168,0.273790067104,0.349148392941
565,0.424218646666,0.203902346061,0.275422023144,0.346735494443
564,0.424043237378,0.203902346061,0.275385043586,0.346700369751
563,0.424043237378,0.203902346061,0.275385043586,0.346700369751
562,0.423904265767,0.203902346061,0.275355731102,0.346632217362
561,0.423904265767,0.203902346061,0.275355731102,0.346632217362
560,0.423904265767,0.203902346061,0.275355731102,0.346632217362
559,0.421045898489,0.205695001855,0.276372698266,0.345170244471
558,0.421045898489,0.205695001855,0.276372698266,0.345170244471
557,0.421045898489,0.205695001855,0.276372698266,0.345170244471
556,0.421045898489,0.205695001855,0.276372698266,0.345170244471
555,0.421045898489,0.205695001855,0.276372698266,0.345170244471
554,0.421349819993,0.20603653191,0.276746395164,0.345225834286
553,0.421349819993,0.20603653191,0.276746395164,0.345225834286
552,0.422113535393,0.208483721091,0.279112538714,0.34099720374
551,0.422113535393,0.208483721091,0.279112538714,0.34099720374
550,0.421460182605,0.208483721091,0.278969561085,0.340819299452
549,0.421659099879,0.212203365221,0.282324588999,0.3431908147
548,0.421659099879,0.212203365221,0.282324588999,0.3431908147
547,0.421945081247,0.212399059938,0.28256188647,0.343302563869
546,0.421945081247,0.212399059938,0.28256188647,0.343302563869
545,0.42104794229,0.213934894166,0.283714273209,0.343190200719
544,0.420954104205,0.214115139299,0.283851399142,0.343092270632
543,0.420954104205,0.214115139299,0.283851399142,0.343092270632
542,0.420506621372,0.214280183036,0.283894482903,0.343022054657
541,0.420506621372,0.214280183036,0.283894482903,0.343022054657
540,0.420466005488,0.214280183036,0.28388522608,0.342961972946
539,0.418144420727,0.21527437323,0.284221999569,0.341151119833
538,0.418144420727,0.21527437323,0.284221999569,0.341151119833
537,0.418144420727,0.21527437323,0.284221999569,0.341151119833
536,0.418144420727,0.21527437323,0.284221999569,0.341151119833
535,0.418213893987,0.215635532133,0.28455267721,0.341319965966
534,0.418238268395,0.215691674059,0.284607197813,0.341194314987
533,0.418238268395,0.215691674059,0.284607197813,0.341194314987
532,0.417561071395,0.222882866265,0.290633427723,0.342394478083
531,0.417561071395,0.222882866265,0.290633427723,0.342394478083
530,0.417561071395,0.222882866265,0.290633427723,0.342394478083
529,0.417561071395,0.222882866265,0.290633427723,0.342394478083
528,0.417561071395,0.222882866265,0.290633427723,0.342394478083
527,0.417687619347,0.223060770553,0.290815314375,0.342474053505
526,0.417687619347,0.223060770553,0.290815314375,0.342474053505
525,0.4182408245,0.22604521908,0.293476289745,0.342467057935
524,0.418009001529,0.22604521908,0.293419197653,0.342401826363
523,0.418009001529,0.22604521908,0.293419197653,0.342401826363
522,0.418009001529,0.22604521908,0.293419197653,0.342401826363
521,0.418009001529,0.22604521908,0.293419197653,0.342401826363
520,0.418009001529,0.22604521908,0.293419197653,0.342401826363
519,0.416610379932,0.226956587094,0.293838791677,0.34141696997
518,0.416610379932,0.226956587094,0.293838791677,0.34141696997
517,0.416597576199,0.227133751114,0.293984046363,0.340767111803
516,0.416597576199,0.227133751114,0.293984046363,0.340767111803
515,0.416496104864,0.227133751114,0.293958776907,0.340698959415
514,0.416519728506,0.227402351704,0.294189526045,0.340686792037
513,0.416519728506,0.227402351704,0.294189526045,0.340686792037
512,0.415795631207,0.232295869377,0.298067811559,0.339910047407
511,0.415795631207,0.232295869377,0.298067811559,0.339910047407
510,0.415795631207,0.232295869377,0.298067811559,0.339910047407
509,0.415654241598,0.232564469968,0.298252446782,0.339922728912
508,0.415654241598,0.232564469968,0.298252446782,0.339922728912
507,0.415599481663,0.232564469968,0.298238348272,0.339905817023
506,0.415599481663,0.232564469968,0.298238348272,0.339905817023
505,0.408647812639,0.233852906014,0.297473530371,0.335765543747
504,0.408869204642,0.233912987725,0.297580792941,0.335805598221
503,0.408869204642,0.233912987725,0.297580792941,0.335805598221
502,0.409199281696,0.234745548579,0.298341427227,0.336076107684
501,0.409199281696,0.234745548579,0.298341427227,0.336076107684
500,0.409132309068,0.234745548579,0.298323625181,0.336076107684
499,0.409132309068,0.234745548579,0.298323625181,0.336076107684
498,0.409132309068,0.234745548579,0.298323625181,0.336076107684
497,0.409132309068,0.234745548579,0.298323625181,0.336076107684
496,0.409132309068,0.234745548579,0.298323625181,0.336076107684
495,0.409132309068,0.234745548579,0.298323625181,0.336076107684
494,0.409132309068,0.234745548579,0.298323625181,0.336076107684
493,0.409132309068,0.234745548579,0.298323625181,0.336076107684
492,0.409132309068,0.234745548579,0.298323625181,0.336076107684
491,0.409132309068,0.234745548579,0.298323625181,0.336076107684
490,0.409132309068,0.234745548579,0.298323625181,0.336076107684
489,0.409132309068,0.234745548579,0.298323625181,0.336076107684
488,0.409132309068,0.234745548579,0.298323625181,0.336076107684
487,0.409132309068,0.234745548579,0.298323625181,0.336076107684
486,0.409132309068,0.234745548579,0.298323625181,0.336076107684
485,0.409132309068,0.234745548579,0.298323625181,0.336076107684
484,0.409132309068,0.234745548579,0.298323625181,0.336076107684
483,0.409132309068,0.234745548579,0.298323625181,0.336076107684
482,0.409132309068,0.234745548579,0.298323625181,0.336076107684
481,0.409132309068,0.234745548579,0.298323625181,0.336076107684
480,0.409132309068,0.234745548579,0.298323625181,0.336076107684
479,0.409132309068,0.234745548579,0.298323625181,0.336076107684
478,0.409132309068,0.234745548579,0.298323625181,0.336076107684
477,0.409132309068,0.234745548579,0.298323625181,0.336076107684
476,0.409132309068,0.234745548579,0.298323625181,0.336076107684
475,0.409132309068,0.234745548579,0.298323625181,0.336076107684
474,0.409132309068,0.234745548579,0.298323625181,0.336076107684
473,0.409132309068,0.234745548579,0.298323625181,0.336076107684
472,0.409132309068,0.234745548579,0.298323625181,0.336076107684
471,0.409132309068,0.234745548579,0.298323625181,0.336076107684
470,0.409132309068,0.234745548579,0.298323625181,0.336076107684
469,0.409132309068,0.234745548579,0.298323625181,0.336076107684
468,0.409132309068,0.234745548579,0.298323625181,0.336076107684
467,0.409132309068,0.234745548579,0.298323625181,0.336076107684
466,0.409132309068,0.234745548579,0.298323625181,0.336076107684
465,0.409132309068,0.234745548579,0.298323625181,0.336076107684
464,0.409132309068,0.234745548579,0.298323625181,0.336076107684
463,0.409132309068,0.234745548579,0.298323625181,0.336076107684
462,0.409132309068,0.234745548579,0.298323625181,0.336076107684
461,0.409132309068,0.234745548579,0.298323625181,0.336076107684
460,0.409132309068,0.234745548579,0.298323625181,0.336076107684
459,0.409132309068,0.234745548579,0.298323625181,0.336076107684
458,0.409132309068,0.234745548579,0.298323625181,0.336076107684
457,0.409132309068,0.234745548579,0.298323625181,0.336076107684
456,0.409132309068,0.234745548579,0.298323625181,0.336076107684
455,0.409132309068,0.234745548579,0.298323625181,0.336076107684
454,0.409132309068,0.234745548579,0.298323625181,0.336076107684
453,0.409132309068,0.234745548579,0.298323625181,0.336076107684
452,0.409132309068,0.234745548579,0.298323625181,0.336076107684
451,0.409132309068,0.234745548579,0.298323625181,0.336076107684
450,0.409132309068,0.234745548579,0.298323625181,0.336076107684
449,0.409132309068,0.234745548579,0.298323625181,0.336076107684
448,0.409132309068,0.234745548579,0.298323625181,0.336076107684
447,0.409132309068,0.234745548579,0.298323625181,0.336076107684
446,0.409132309068,0.234745548579,0.298323625181,0.336076107684
445,0.409132309068,0.234745548579,0.298323625181,0.336076107684
444,0.409132309068,0.234745548579,0.298323625181,0.336076107684
443,0.409132309068,0.234745548579,0.298323625181,0.336076107684
442,0.409132309068,0.234745548579,0.298323625181,0.336076107684
441,0.409132309068,0.234745548579,0.298323625181,0.336076107684
440,0.409132309068,0.234745548579,0.298323625181,0.336076107684
439,0.409132309068,0.234745548579,0.298323625181,0.336076107684
438,0.409132309068,0.234745548579,0.298323625181,0.336076107684
437,0.409132309068,0.234745548579,0.298323625181,0.336076107684
436,0.409132309068,0.234745548579,0.298323625181,0.336076107684
435,0.409132309068,0.234745548579,0.298323625181,0.336076107684
434,0.409132309068,0.234745548579,0.298323625181,0.336076107684
433,0.409132309068,0.234745548579,0.298323625181,0.336076107684
432,0.409132309068,0.234745548579,0.298323625181,0.336076107684
431,0.409132309068,0.234745548579,0.298323625181,0.336076107684
430,0.409132309068,0.234745548579,0.298323625181,0.336076107684
429,0.409132309068,0.234745548579,0.298323625181,0.336076107684
428,0.409132309068,0.234745548579,0.298323625181,0.336076107684
427,0.409132309068,0.234745548579,0.298323625181,0.336076107684
426,0.409132309068,0.234745548579,0.298323625181,0.336076107684
425,0.409132309068,0.234745548579,0.298323625181,0.336076107684
424,0.409132309068,0.234745548579,0.298323625181,0.336076107684
423,0.409132309068,0.234745548579,0.298323625181,0.336076107684
422,0.409132309068,0.234745548579,0.298323625181,0.336076107684
421,0.409132309068,0.234745548579,0.298323625181,0.336076107684
420,0.409132309068,0.234745548579,0.298323625181,0.336076107684
419,0.409132309068,0.234745548579,0.298323625181,0.336076107684
418,0.409132309068,0.234745548579,0.298323625181,0.336076107684
417,0.409132309068,0.234745548579,0.298323625181,0.336076107684
416,0.409132309068,0.234745548579,0.298323625181,0.336076107684
415,0.409132309068,0.234745548579,0.298323625181,0.336076107684
414,0.409132309068,0.234745548579,0.298323625181,0.336076107684
413,0.409132309068,0.234745548579,0.298323625181,0.336076107684
412,0.409132309068,0.234745548579,0.298323625181,0.336076107684
411,0.409132309068,0.234745548579,0.298323625181,0.336076107684
410,0.409132309068,0.234745548579,0.298323625181,0.336076107684
409,0.409132309068,0.234745548579,0.298323625181,0.336076107684
408,0.409132309068,0.234745548579,0.298323625181,0.336076107684
407,0.409132309068,0.234745548579,0.298323625181,0.336076107684
406,0.409132309068,0.234745548579,0.298323625181,0.336076107684
405,0.409132309068,0.234745548579,0.298323625181,0.336076107684
404,0.409132309068,0.234745548579,0.298323625181,0.336076107684
403,0.409132309068,0.234745548579,0.298323625181,0.336076107684
402,0.409132309068,0.234745548579,0.298323625181,0.336076107684
401,0.409132309068,0.234745548579,0.298323625181,0.336076107684
400,0.409132309068,0.234745548579,0.298323625181,0.336076107684
399,0.409132309068,0.234745548579,0.298323625181,0.336076107684
398,0.409132309068,0.234745548579,0.298323625181,0.336076107684
397,0.409132309068,0.234745548579,0.298323625181,0.336076107684
396,0.409132309068,0.234745548579,0.298323625181,0.336076107684
395,0.409132309068,0.234745548579,0.298323625181,0.336076107684
394,0.409132309068,0.234745548579,0.298323625181,0.336076107684
393,0.409132309068,0.234745548579,0.298323625181,0.336076107684
392,0.409132309068,0.234745548579,0.298323625181,0.336076107684
391,0.409132309068,0.234745548579,0.298323625181,0.336076107684
390,0.409132309068,0.234745548579,0.298323625181,0.336076107684
389,0.409132309068,0.234745548579,0.298323625181,0.336076107684
388,0.409132309068,0.234745548579,0.298323625181,0.336076107684
387,0.409132309068,0.234745548579,0.298323625181,0.336076107684
386,0.409132309068,0.234745548579,0.298323625181,0.336076107684
385,0.409132309068,0.234745548579,0.298323625181,0.336076107684
384,0.409132309068,0.234745548579,0.298323625181,0.336076107684
383,0.409132309068,0.234745548579,0.298323625181,0.336076107684
382,0.409132309068,0.234745548579,0.298323625181,0.336076107684
381,0.409132309068,0.234745548579,0.298323625181,0.336076107684
380,0.409132309068,0.234745548579,0.298323625181,0.336076107684
379,0.409132309068,0.234745548579,0.298323625181,0.336076107684
378,0.409132309068,0.234745548579,0.298323625181,0.336076107684
377,0.409132309068,0.234745548579,0.298323625181,0.336076107684
376,0.409132309068,0.234745548579,0.298323625181,0.336076107684
375,0.409132309068,0.234745548579,0.298323625181,0.336076107684
374,0.409132309068,0.234745548579,0.298323625181,0.336076107684
373,0.409132309068,0.234745548579,0.298323625181,0.336076107684
372,0.409132309068,0.234745548579,0.298323625181,0.336076107684
371,0.409132309068,0.234745548579,0.298323625181,0.336076107684
370,0.409132309068,0.234745548579,0.298323625181,0.336076107684
369,0.409132309068,0.234745548579,0.298323625181,0.336076107684
368,0.409132309068,0.234745548579,0.298323625181,0.336076107684
367,0.409132309068,0.234745548579,0.298323625181,0.336076107684
366,0.409132309068,0.234745548579,0.298323625181,0.336076107684
365,0.409132309068,0.234745548579,0.298323625181,0.336076107684
364,0.409132309068,0.234745548579,0.298323625181,0.336076107684
363,0.409132309068,0.234745548579,0.298323625181,0.336076107684
362,0.409132309068,0.234745548579,0.298323625181,0.336076107684
361,0.409132309068,0.234745548579,0.298323625181,0.336076107684
360,0.409132309068,0.234745548579,0.298323625181,0.336076107684
359,0.409132309068,0.234745548579,0.298323625181,0.336076107684
358,0.409132309068,0.234745548579,0.298323625181,0.336076107684
357,0.409132309068,0.234745548579,0.298323625181,0.336076107684
356,0.409132309068,0.234745548579,0.298323625181,0.336076107684
355,0.409132309068,0.234745548579,0.298323625181,0.336076107684
354,0.409132309068,0.234745548579,0.298323625181,0.336076107684
353,0.409132309068,0.234745548579,0.298323625181,0.336076107684
352,0.409132309068,0.234745548579,0.298323625181,0.336076107684
351,0.409132309068,0.234745548579,0.298323625181,0.336076107684
350,0.409132309068,0.234745548579,0.298323625181,0.336076107684
349,0.409132309068,0.234745548579,0.298323625181,0.336076107684
348,0.409132309068,0.234745548579,0.298323625181,0.336076107684
347,0.409132309068,0.234745548579,0.298323625181,0.336076107684
346,0.409132309068,0.234745548579,0.298323625181,0.336076107684
345,0.409132309068,0.234745548579,0.298323625181,0.336076107684
344,0.409132309068,0.234745548579,0.298323625181,0.336076107684
343,0.409132309068,0.234745548579,0.298323625181,0.336076107684
342,0.409132309068,0.234745548579,0.298323625181,0.336076107684
341,0.409132309068,0.234745548579,0.298323625181,0.336076107684
340,0.409132309068,0.234745548579,0.298323625181,0.336076107684
339,0.409132309068,0.234745548579,0.298323625181,0.336076107684
338,0.409132309068,0.234745548579,0.298323625181,0.336076107684
337,0.409132309068,0.234745548579,0.298323625181,0.336076107684
336,0.409132309068,0.234745548579,0.298323625181,0.336076107684
335,0.409132309068,0.234745548579,0.298323625181,0.336076107684
334,0.409132309068,0.234745548579,0.298323625181,0.336076107684
333,0.409132309068,0.234745548579,0.298323625181,0.336076107684
332,0.409132309068,0.234745548579,0.298323625181,0.336076107684
331,0.409132309068,0.234745548579,0.298323625181,0.336076107684
330,0.409132309068,0.234745548579,0.298323625181,0.336076107684
329,0.409132309068,0.234745548579,0.298323625181,0.336076107684
328,0.409132309068,0.234745548579,0.298323625181,0.336076107684
327,0.409132309068,0.234745548579,0.298323625181,0.336076107684
326,0.409132309068,0.234745548579,0.298323625181,0.336076107684
325,0.409132309068,0.234745548579,0.298323625181,0.336076107684
324,0.409132309068,0.234745548579,0.298323625181,0.336076107684
323,0.409132309068,0.234745548579,0.298323625181,0.336076107684
322,0.409132309068,0.234745548579,0.298323625181,0.336076107684
321,0.409132309068,0.234745548579,0.298323625181,0.336076107684
320,0.409132309068,0.234745548579,0.298323625181,0.336076107684
319,0.409132309068,0.234745548579,0.298323625181,0.336076107684
318,0.409132309068,0.234745548579,0.298323625181,0.336076107684
317,0.409132309068,0.234745548579,0.298323625181,0.336076107684
316,0.409132309068,0.234745548579,0.298323625181,0.336076107684
315,0.409132309068,0.234745548579,0.298323625181,0.336076107684
314,0.409132309068,0.234745548579,0.298323625181,0.336076107684
313,0.409132309068,0.234745548579,0.298323625181,0.336076107684
312,0.409132309068,0.234745548579,0.298323625181,0.336076107684
311,0.409132309068,0.234745548579,0.298323625181,0.336076107684
310,0.409132309068,0.234745548579,0.298323625181,0.336076107684
309,0.409132309068,0.234745548579,0.298323625181,0.336076107684
308,0.409132309068,0.234745548579,0.298323625181,0.336076107684
307,0.409132309068,0.234745548579,0.298323625181,0.336076107684
306,0.409132309068,0.234745548579,0.298323625181,0.336076107684
305,0.409132309068,0.234745548579,0.298323625181,0.336076107684
304,0.409132309068,0.234745548579,0.298323625181,0.336076107684
303,0.409132309068,0.234745548579,0.298323625181,0.336076107684
302,0.409132309068,0.234745548579,0.298323625181,0.336076107684
301,0.409132309068,0.234745548579,0.298323625181,0.336076107684
300,0.409132309068,0.234745548579,0.298323625181,0.336076107684
299,0.409132309068,0.234745548579,0.298323625181,0.336076107684
298,0.409132309068,0.234745548579,0.298323625181,0.336076107684
297,0.409132309068,0.234745548579,0.298323625181,0.336076107684
296,0.409132309068,0.234745548579,0.298323625181,0.336076107684
295,0.409132309068,0.234745548579,0.298323625181,0.336076107684
294,0.409132309068,0.234745548579,0.298323625181,0.336076107684
293,0.409132309068,0.234745548579,0.298323625181,0.336076107684
292,0.409132309068,0.234745548579,0.298323625181,0.336076107684
291,0.409132309068,0.234745548579,0.298323625181,0.336076107684
290,0.409132309068,0.234745548579,0.298323625181,0.336076107684
289,0.409132309068,0.234745548579,0.298323625181,0.336076107684
288,0.409132309068,0.234745548579,0.298323625181,0.336076107684
287,0.409132309068,0.234745548579,0.298323625181,0.336076107684
286,0.409132309068,0.234745548579,0.298323625181,0.336076107684
285,0.409132309068,0.234745548579,0.298323625181,0.336076107684
284,0.409132309068,0.234745548579,0.298323625181,0.336076107684
283,0.409132309068,0.234745548579,0.298323625181,0.336076107684
282,0.409132309068,0.234745548579,0.298323625181,0.336076107684
281,0.409132309068,0.234745548579,0.298323625181,0.336076107684
280,0.409132309068,0.234745548579,0.298323625181,0.336076107684
279,0.409132309068,0.234745548579,0.298323625181,0.336076107684
278,0.409132309068,0.234745548579,0.298323625181,0.336076107684
277,0.409132309068,0.234745548579,0.298323625181,0.336076107684
276,0.409132309068,0.234745548579,0.298323625181,0.336076107684
275,0.409132309068,0.234745548579,0.298323625181,0.336076107684
274,0.409132309068,0.234745548579,0.298323625181,0.336076107684
273,0.409132309068,0.234745548579,0.298323625181,0.336076107684
272,0.409132309068,0.234745548579,0.298323625181,0.336076107684
271,0.409132309068,0.234745548579,0.298323625181,0.336076107684
270,0.409132309068,0.234745548579,0.298323625181,0.336076107684
269,0.409132309068,0.234745548579,0.298323625181,0.336076107684
268,0.409132309068,0.234745548579,0.298323625181,0.336076107684
267,0.409132309068,0.234745548579,0.298323625181,0.336076107684
266,0.409132309068,0.234745548579,0.298323625181,0.336076107684
265,0.409132309068,0.234745548579,0.298323625181,0.336076107684
264,0.409132309068,0.234745548579,0.298323625181,0.336076107684
263,0.409132309068,0.234745548579,0.298323625181,0.336076107684
262,0.409132309068,0.234745548579,0.298323625181,0.336076107684
261,0.409132309068,0.234745548579,0.298323625181,0.336076107684
260,0.409132309068,0.234745548579,0.298323625181,0.336076107684
259,0.409132309068,0.234745548579,0.298323625181,0.336076107684
258,0.409132309068,0.234745548579,0.298323625181,0.336076107684
257,0.409132309068,0.234745548579,0.298323625181,0.336076107684
256,0.409132309068,0.234745548579,0.298323625181,0.336076107684
255,0.409132309068,0.234745548579,0.298323625181,0.336076107684
254,0.409132309068,0.234745548579,0.298323625181,0.336076107684
253,0.409132309068,0.234745548579,0.298323625181,0.336076107684
252,0.409132309068,0.234745548579,0.298323625181,0.336076107684
251,0.409132309068,0.234745548579,0.298323625181,0.336076107684
250,0.409132309068,0.234745548579,0.298323625181,0.336076107684
249,0.409132309068,0.234745548579,0.298323625181,0.336076107684
248,0.409132309068,0.234745548579,0.298323625181,0.336076107684
247,0.409132309068,0.234745548579,0.298323625181,0.336076107684
246,0.409132309068,0.234745548579,0.298323625181,0.336076107684
245,0.409132309068,0.234745548579,0.298323625181,0.336076107684
244,0.409132309068,0.234745548579,0.298323625181,0.336076107684
243,0.409132309068,0.234745548579,0.298323625181,0.336076107684
242,0.409132309068,0.234745548579,0.298323625181,0.336076107684
241,0.409132309068,0.234745548579,0.298323625181,0.336076107684
240,0.409132309068,0.234745548579,0.298323625181,0.336076107684
239,0.409132309068,0.234745548579,0.298323625181,0.336076107684
238,0.409132309068,0.234745548579,0.298323625181,0.336076107684
237,0.409132309068,0.234745548579,0.298323625181,0.336076107684
236,0.409132309068,0.234745548579,0.298323625181,0.336076107684
235,0.409132309068,0.234745548579,0.298323625181,0.336076107684
234,0.409132309068,0.234745548579,0.298323625181,0.336076107684
233,0.409132309068,0.234745548579,0.298323625181,0.336076107684
232,0.409132309068,0.234745548579,0.298323625181,0.336076107684
231,0.409132309068,0.234745548579,0.298323625181,0.336076107684
230,0.409132309068,0.234745548579,0.298323625181,0.336076107684
229,0.409132309068,0.234745548579,0.298323625181,0.336076107684
228,0.409132309068,0.234745548579,0.298323625181,0.336076107684
227,0.409132309068,0.234745548579,0.298323625181,0.336076107684
226,0.409132309068,0.234745548579,0.298323625181,0.336076107684
225,0.409132309068,0.234745548579,0.298323625181,0.336076107684
224,0.409132309068,0.234745548579,0.298323625181,0.336076107684
223,0.409132309068,0.234745548579,0.298323625181,0.336076107684
222,0.409132309068,0.234745548579,0.298323625181,0.336076107684
221,0.409132309068,0.234745548579,0.298323625181,0.336076107684
220,0.409132309068,0.234745548579,0.298323625181,0.336076107684
219,0.409132309068,0.234745548579,0.298323625181,0.336076107684
218,0.409132309068,0.234745548579,0.298323625181,0.336076107684
217,0.409132309068,0.234745548579,0.298323625181,0.336076107684
216,0.409132309068,0.234745548579,0.298323625181,0.336076107684
215,0.409132309068,0.234745548579,0.298323625181,0.336076107684
214,0.409132309068,0.234745548579,0.298323625181,0.336076107684
213,0.409132309068,0.234745548579,0.298323625181,0.336076107684
212,0.409132309068,0.234745548579,0.298323625181,0.336076107684
211,0.409132309068,0.234745548579,0.298323625181,0.336076107684
210,0.409132309068,0.234745548579,0.298323625181,0.336076107684
209,0.409132309068,0.234745548579,0.298323625181,0.336076107684
208,0.409132309068,0.234745548579,0.298323625181,0.336076107684
207,0.409132309068,0.234745548579,0.298323625181,0.336076107684
206,0.409132309068,0.234745548579,0.298323625181,0.336076107684
205,0.409132309068,0.234745548579,0.298323625181,0.336076107684
204,0.409132309068,0.234745548579,0.298323625181,0.336076107684
203,0.409132309068,0.234745548579,0.298323625181,0.336076107684
202,0.409132309068,0.234745548579,0.298323625181,0.336076107684
201,0.409132309068,0.234745548579,0.298323625181,0.336076107684
200,0.409132309068,0.234745548579,0.298323625181,0.336076107684
199,0.409132309068,0.234745548579,0.298323625181,0.336076107684
198,0.409132309068,0.234745548579,0.298323625181,0.336076107684
197,0.409132309068,0.234745548579,0.298323625181,0.336076107684
196,0.409132309068,0.234745548579,0.298323625181,0.336076107684
195,0.409132309068,0.234745548579,0.298323625181,0.336076107684
194,0.409132309068,0.234745548579,0.298323625181,0.336076107684
193,0.409132309068,0.234745548579,0.298323625181,0.336076107684
192,0.409132309068,0.234745548579,0.298323625181,0.336076107684
191,0.409132309068,0.234745548579,0.298323625181,0.336076107684
190,0.409132309068,0.234745548579,0.298323625181,0.336076107684
189,0.409132309068,0.234745548579,0.298323625181,0.336076107684
188,0.409132309068,0.234745548579,0.298323625181,0.336076107684
187,0.409132309068,0.234745548579,0.298323625181,0.336076107684
186,0.409132309068,0.234745548579,0.298323625181,0.336076107684
185,0.409132309068,0.234745548579,0.298323625181,0.336076107684
184,0.409132309068,0.234745548579,0.298323625181,0.336076107684
183,0.409132309068,0.234745548579,0.298323625181,0.336076107684
182,0.409132309068,0.234745548579,0.298323625181,0.336076107684
181,0.409132309068,0.234745548579,0.298323625181,0.336076107684
180,0.409132309068,0.234745548579,0.298323625181,0.336076107684
179,0.409132309068,0.234745548579,0.298323625181,0.336076107684
178,0.409132309068,0.234745548579,0.298323625181,0.336076107684
177,0.409132309068,0.234745548579,0.298323625181,0.336076107684
176,0.409132309068,0.234745548579,0.298323625181,0.336076107684
175,0.409132309068,0.234745548579,0.298323625181,0.336076107684
174,0.409132309068,0.234745548579,0.298323625181,0.336076107684
173,0.409132309068,0.234745548579,0.298323625181,0.336076107684
172,0.409132309068,0.234745548579,0.298323625181,0.336076107684
171,0.409132309068,0.234745548579,0.298323625181,0.336076107684
170,0.409132309068,0.234745548579,0.298323625181,0.336076107684
169,0.409132309068,0.234745548579,0.298323625181,0.336076107684
168,0.409132309068,0.234745548579,0.298323625181,0.336076107684
167,0.409132309068,0.234745548579,0.298323625181,0.336076107684
166,0.409132309068,0.234745548579,0.298323625181,0.336076107684
165,0.409132309068,0.234745548579,0.298323625181,0.336076107684
164,0.409132309068,0.234745548579,0.298323625181,0.336076107684
163,0.409132309068,0.234745548579,0.298323625181,0.336076107684
162,0.409132309068,0.234745548579,0.298323625181,0.336076107684
161,0.409132309068,0.234745548579,0.298323625181,0.336076107684
160,0.409132309068,0.234745548579,0.298323625181,0.336076107684
159,0.409132309068,0.234745548579,0.298323625181,0.336076107684
158,0.409132309068,0.234745548579,0.298323625181,0.336076107684
157,0.409132309068,0.234745548579,0.298323625181,0.336076107684
156,0.409132309068,0.234745548579,0.298323625181,0.336076107684
155,0.409132309068,0.234745548579,0.298323625181,0.336076107684
154,0.409132309068,0.234745548579,0.298323625181,0.336076107684
153,0.409132309068,0.234745548579,0.298323625181,0.336076107684
152,0.409132309068,0.234745548579,0.298323625181,0.336076107684
151,0.409132309068,0.234745548579,0.298323625181,0.336076107684
150,0.409132309068,0.234745548579,0.298323625181,0.336076107684
149,0.409132309068,0.234745548579,0.298323625181,0.336076107684
148,0.409132309068,0.234745548579,0.298323625181,0.336076107684
147,0.409132309068,0.234745548579,0.298323625181,0.336076107684
146,0.409132309068,0.234745548579,0.298323625181,0.336076107684
145,0.409132309068,0.234745548579,0.298323625181,0.336076107684
144,0.409132309068,0.234745548579,0.298323625181,0.336076107684
143,0.409132309068,0.234745548579,0.298323625181,0.336076107684
142,0.409132309068,0.234745548579,0.298323625181,0.336076107684
141,0.409132309068,0.234745548579,0.298323625181,0.336076107684
140,0.409132309068,0.234745548579,0.298323625181,0.336076107684
139,0.409132309068,0.234745548579,0.298323625181,0.336076107684
138,0.409132309068,0.234745548579,0.298323625181,0.336076107684
137,0.409132309068,0.234745548579,0.298323625181,0.336076107684
136,0.409132309068,0.234745548579,0.298323625181,0.336076107684
135,0.409132309068,0.234745548579,0.298323625181,0.336076107684
134,0.409132309068,0.234745548579,0.298323625181,0.336076107684
133,0.409132309068,0.234745548579,0.298323625181,0.336076107684
132,0.409132309068,0.234745548579,0.298323625181,0.336076107684
131,0.409132309068,0.234745548579,0.298323625181,0.336076107684
130,0.409132309068,0.234745548579,0.298323625181,0.336076107684
129,0.409132309068,0.234745548579,0.298323625181,0.336076107684
128,0.409132309068,0.234745548579,0.298323625181,0.336076107684
127,0.409132309068,0.234745548579,0.298323625181,0.336076107684
126,0.409132309068,0.234745548579,0.298323625181,0.336076107684
125,0.409132309068,0.234745548579,0.298323625181,0.336076107684
124,0.409132309068,0.234745548579,0.298323625181,0.336076107684
123,0.409132309068,0.234745548579,0.298323625181,0.336076107684
122,0.409132309068,0.234745548579,0.298323625181,0.336076107684
121,0.409132309068,0.234745548579,0.298323625181,0.336076107684
120,0.409132309068,0.234745548579,0.298323625181,0.336076107684
119,0.409132309068,0.234745548579,0.298323625181,0.336076107684
118,0.409132309068,0.234745548579,0.298323625181,0.336076107684
117,0.409132309068,0.234745548579,0.298323625181,0.336076107684
116,0.409132309068,0.234745548579,0.298323625181,0.336076107684
115,0.409132309068,0.234745548579,0.298323625181,0.336076107684
114,0.409132309068,0.234745548579,0.298323625181,0.336076107684
113,0.409132309068,0.234745548579,0.298323625181,0.336076107684
112,0.409132309068,0.234745548579,0.298323625181,0.336076107684
111,0.409132309068,0.234745548579,0.298323625181,0.336076107684
110,0.409132309068,0.234745548579,0.298323625181,0.336076107684
109,0.409132309068,0.234745548579,0.298323625181,0.336076107684
108,0.409132309068,0.234745548579,0.298323625181,0.336076107684
107,0.409132309068,0.234745548579,0.298323625181,0.336076107684
106,0.409132309068,0.234745548579,0.298323625181,0.336076107684
105,0.409132309068,0.234745548579,0.298323625181,0.336076107684
104,0.409132309068,0.234745548579,0.298323625181,0.336076107684
103,0.409132309068,0.234745548579,0.298323625181,0.336076107684
102,0.409132309068,0.234745548579,0.298323625181,0.336076107684
101,0.409132309068,0.234745548579,0.298323625181,0.336076107684
100,0.409132309068,0.234745548579,0.298323625181,0.336076107684
99,0.409132309068,0.234745548579,0.298323625181,0.336076107684
98,0.409132309068,0.234745548579,0.298323625181,0.336076107684
97,0.409132309068,0.234745548579,0.298323625181,0.336076107684
96,0.409132309068,0.234745548579,0.298323625181,0.336076107684
95,0.409132309068,0.234745548579,0.298323625181,0.336076107684
94,0.409132309068,0.234745548579,0.298323625181,0.336076107684
93,0.409132309068,0.234745548579,0.298323625181,0.336076107684
92,0.409132309068,0.234745548579,0.298323625181,0.336076107684
91,0.409132309068,0.234745548579,0.298323625181,0.336076107684
90,0.409132309068,0.234745548579,0.298323625181,0.336076107684
89,0.409132309068,0.234745548579,0.298323625181,0.336076107684
88,0.409132309068,0.234745548579,0.298323625181,0.336076107684
87,0.409132309068,0.234745548579,0.298323625181,0.336076107684
86,0.409132309068,0.234745548579,0.298323625181,0.336076107684
85,0.409132309068,0.234745548579,0.298323625181,0.336076107684
84,0.409132309068,0.234745548579,0.298323625181,0.336076107684
83,0.409132309068,0.234745548579,0.298323625181,0.336076107684
82,0.409132309068,0.234745548579,0.298323625181,0.336076107684
81,0.409132309068,0.234745548579,0.298323625181,0.336076107684
80,0.409132309068,0.234745548579,0.298323625181,0.336076107684
79,0.409132309068,0.234745548579,0.298323625181,0.336076107684
78,0.409132309068,0.234745548579,0.298323625181,0.336076107684
77,0.409132309068,0.234745548579,0.298323625181,0.336076107684
76,0.409132309068,0.234745548579,0.298323625181,0.336076107684
75,0.409132309068,0.234745548579,0.298323625181,0.336076107684
74,0.409132309068,0.234745548579,0.298323625181,0.336076107684
73,0.409132309068,0.234745548579,0.298323625181,0.336076107684
72,0.409132309068,0.234745548579,0.298323625181,0.336076107684
71,0.409132309068,0.234745548579,0.298323625181,0.336076107684
70,0.409132309068,0.234745548579,0.298323625181,0.336076107684
69,0.409132309068,0.234745548579,0.298323625181,0.336076107684
68,0.409132309068,0.234745548579,0.298323625181,0.336076107684
67,0.409132309068,0.234745548579,0.298323625181,0.336076107684
66,0.409132309068,0.234745548579,0.298323625181,0.336076107684
65,0.409132309068,0.234745548579,0.298323625181,0.336076107684
64,0.409132309068,0.234745548579,0.298323625181,0.336076107684
63,0.409132309068,0.234745548579,0.298323625181,0.336076107684
62,0.409132309068,0.234745548579,0.298323625181,0.336076107684
61,0.409132309068,0.234745548579,0.298323625181,0.336076107684
60,0.409132309068,0.234745548579,0.298323625181,0.336076107684
59,0.409132309068,0.234745548579,0.298323625181,0.336076107684
58,0.409132309068,0.234745548579,0.298323625181,0.336076107684
57,0.409132309068,0.234745548579,0.298323625181,0.336076107684
56,0.409132309068,0.234745548579,0.298323625181,0.336076107684
55,0.409132309068,0.234745548579,0.298323625181,0.336076107684
54,0.409132309068,0.234745548579,0.298323625181,0.336076107684
53,0.409132309068,0.234745548579,0.298323625181,0.336076107684
52,0.409132309068,0.234745548579,0.298323625181,0.336076107684
51,0.409132309068,0.234745548579,0.298323625181,0.336076107684
50,0.409132309068,0.234745548579,0.298323625181,0.336076107684
49,0.409132309068,0.234745548579,0.298323625181,0.336076107684
48,0.409132309068,0.234745548579,0.298323625181,0.336076107684
47,0.409132309068,0.234745548579,0.298323625181,0.336076107684
46,0.409132309068,0.234745548579,0.298323625181,0.336076107684
45,0.409132309068,0.234745548579,0.298323625181,0.336076107684
44,0.409132309068,0.234745548579,0.298323625181,0.336076107684
43,0.409132309068,0.234745548579,0.298323625181,0.336076107684
42,0.409132309068,0.234745548579,0.298323625181,0.336076107684
41,0.409132309068,0.234745548579,0.298323625181,0.336076107684
40,0.409132309068,0.234745548579,0.298323625181,0.336076107684
39,0.409132309068,0.234745548579,0.298323625181,0.336076107684
38,0.409132309068,0.234745548579,0.298323625181,0.336076107684
37,0.409132309068,0.234745548579,0.298323625181,0.336076107684
36,0.409132309068,0.234745548579,0.298323625181,0.336076107684
35,0.409132309068,0.234745548579,0.298323625181,0.336076107684
34,0.409132309068,0.234745548579,0.298323625181,0.336076107684
33,0.409132309068,0.234745548579,0.298323625181,0.336076107684
32,0.409132309068,0.234745548579,0.298323625181,0.336076107684
31,0.409132309068,0.234745548579,0.298323625181,0.336076107684
30,0.409132309068,0.234745548579,0.298323625181,0.336076107684
29,0.409132309068,0.234745548579,0.298323625181,0.336076107684
28,0.409132309068,0.234745548579,0.298323625181,0.336076107684
27,0.409132309068,0.234745548579,0.298323625181,0.336076107684
26,0.409132309068,0.234745548579,0.298323625181,0.336076107684
25,0.409132309068,0.234745548579,0.298323625181,0.336076107684
24,0.409132309068,0.234745548579,0.298323625181,0.336076107684
23,0.409132309068,0.234745548579,0.298323625181,0.336076107684
22,0.409132309068,0.234745548579,0.298323625181,0.336076107684
21,0.409132309068,0.234745548579,0.298323625181,0.336076107684
20,0.409132309068,0.234745548579,0.298323625181,0.336076107684
19,0.409132309068,0.234745548579,0.298323625181,0.336076107684
18,0.409132309068,0.234745548579,0.298323625181,0.336076107684
17,0.409132309068,0.234745548579,0.298323625181,0.336076107684
16,0.409132309068,0.234745548579,0.298323625181,0.336076107684
15,0.409132309068,0.234745548579,0.298323625181,0.336076107684
14,0.409132309068,0.234745548579,0.298323625181,0.336076107684
13,0.409132309068,0.234745548579,0.298323625181,0.336076107684
12,0.409132309068,0.234745548579,0.298323625181,0.336076107684
11,0.409132309068,0.234745548579,0.298323625181,0.336076107684
10,0.409132309068,0.234745548579,0.298323625181,0.336076107684
9,0.409132309068,0.234745548579,0.298323625181,0.336076107684
8,0.409132309068,0.234745548579,0.298323625181,0.336076107684
7,0.409132309068,0.234745548579,0.298323625181,0.336076107684
6,0.409132309068,0.234745548579,0.298323625181,0.336076107684
5,0.409132309068,0.234745548579,0.298323625181,0.336076107684
4,0.409132309068,0.234745548579,0.298323625181,0.336076107684
3,0.409132309068,0.234745548579,0.298323625181,0.336076107684
2,0.409132309068,0.234745548579,0.298323625181,0.336076107684
1,0.409132309068,0.234745548579,0.298323625181,0.336076107684
0,0.409132309068,0.234745548579,0.298323625181,0.336076107684
