998,0.160376265054,0.0597499360637,0.0870634348337,0.347430497322
997,0.160376265054,0.0597499360637,0.0870634348337,0.347430497322
996,0.160376265054,0.0597499360637,0.0870634348337,0.347430497322
995,0.160376265054,0.0597499360637,0.0870634348337,0.347430497322
994,0.160376265054,0.0597499360637,0.0870634348337,0.347430497322
993,0.160376265054,0.0597499360637,0.0870634348337,0.347430497322
992,0.187733819153,0.0678744198731,0.0997019823315,0.352010305152
991,0.187733819153,0.0678744198731,0.0997019823315,0.352010305152
990,0.187733819153,0.0678744198731,0.0997019823315,0.352010305152
989,0.187733819153,0.0678744198731,0.0997019823315,0.352010305152
988,0.187733819153,0.0678744198731,0.0997019823315,0.352010305152
987,0.187733819153,0.0678744198731,0.0997019823315,0.352010305152
986,0.187733819153,0.0678744198731,0.0997019823315,0.352010305152
985,0.188875371665,0.0681378143831,0.100147040811,0.352185901492
984,0.188875371665,0.0681378143831,0.100147040811,0.352185901492
983,0.188875371665,0.0681378143831,0.100147040811,0.352185901492
982,0.188875371665,0.0681378143831,0.100147040811,0.352185901492
981,0.188875371665,0.0681378143831,0.100147040811,0.352185901492
980,0.188875371665,0.0681378143831,0.100147040811,0.352185901492
979,0.188875371665,0.0681378143831,0.100147040811,0.352185901492
978,0.188875371665,0.0681378143831,0.100147040811,0.352185901492
977,0.188875371665,0.0681378143831,0.100147040811,0.352185901492
976,0.188875371665,0.0681378143831,0.100147040811,0.352185901492
975,0.188875371665,0.0681378143831,0.100147040811,0.352185901492
974,0.188875371665,0.0681378143831,0.100147040811,0.352185901492
973,0.188875371665,0.0681378143831,0.100147040811,0.352185901492
972,0.188875371665,0.0683028581197,0.100325192563,0.35229593065
971,0.188875371665,0.0683028581197,0.100325192563,0.35229593065
970,0.188875371665,0.0683028581197,0.100325192563,0.35229593065
969,0.188875371665,0.0683028581197,0.100325192563,0.35229593065
968,0.188875371665,0.0683028581197,0.100325192563,0.35229593065
967,0.188875371665,0.0683028581197,0.100325192563,0.35229593065
966,0.188875371665,0.0683028581197,0.100325192563,0.35229593065
965,0.188875371665,0.0683028581197,0.100325192563,0.35229593065
964,0.188875371665,0.0683028581197,0.100325192563,0.35229593065
963,0.188875371665,0.0683028581197,0.100325192563,0.35229593065
962,0.188875371665,0.0683028581197,0.100325192563,0.35229593065
961,0.188875371665,0.0683028581197,0.100325192563,0.35229593065
960,0.188875371665,0.0683028581197,0.100325192563,0.35229593065
959,0.202574001802,0.0702598052821,0.104333184175,0.353600562091
958,0.202574001802,0.0702598052821,0.104333184175,0.353600562091
957,0.202574001802,0.0702598052821,0.104333184175,0.353600562091
956,0.216272631939,0.0708553978967,0.106740420982,0.353997623834
955,0.216272631939,0.0708553978967,0.106740420982,0.353997623834
954,0.216272631939,0.0708553978967,0.106740420982,0.353997623834
953,0.216272631939,0.0708553978967,0.106740420982,0.353997623834
952,0.216272631939,0.0728123450592,0.108945941551,0.355302255276
951,0.216272631939,0.0728123450592,0.108945941551,0.355302255276
950,0.216272631939,0.0728123450592,0.108945941551,0.355302255276
949,0.216272631939,0.0728123450592,0.108945941551,0.355302255276
948,0.216272631939,0.0728123450592,0.108945941551,0.355302255276
947,0.216272631939,0.0728123450592,0.108945941551,0.355302255276
946,0.215961299436,0.0732037344917,0.109343604997,0.355510996307
945,0.215961299436,0.0732037344917,0.109343604997,0.355510996307
944,0.215961299436,0.0732037344917,0.109343604997,0.355510996307
943,0.215961299436,0.0732037344917,0.109343604997,0.355510996307
942,0.215961299436,0.0732037344917,0.109343604997,0.355510996307
941,0.215961299436,0.0732037344917,0.109343604997,0.355510996307
940,0.215961299436,0.0732037344917,0.109343604997,0.355510996307
939,0.213826447986,0.0732037344917,0.109067934184,0.35543271842
938,0.213826447986,0.0732037344917,0.109067934184,0.35543271842
937,0.213826447986,0.0732037344917,0.109067934184,0.35543271842
936,0.213826447986,0.0732037344917,0.109067934184,0.35543271842
935,0.213826447986,0.0732037344917,0.109067934184,0.35543271842
934,0.213826447986,0.0732037344917,0.109067934184,0.35543271842
933,0.214560303172,0.0733602902647,0.109337133076,0.355537088935
932,0.21455172007,0.0733602902647,0.109336018618,0.355537088935
931,0.21455172007,0.0733602902647,0.109336018618,0.355537088935
930,0.21455172007,0.0733602902647,0.109336018618,0.355537088935
929,0.21455172007,0.0733602902647,0.109336018618,0.355537088935
928,0.21455172007,0.0733602902647,0.109336018618,0.355537088935
927,0.214048093962,0.0733602902647,0.109270509598,0.355510996307
926,0.227299056447,0.0736864481251,0.11129346681,0.355702342251
925,0.220449741379,0.0736864481251,0.110453313886,0.35550381138
924,0.220449741379,0.0736864481251,0.110453313886,0.35550381138
923,0.220449741379,0.0736864481251,0.110453313886,0.35550381138
922,0.220449741379,0.0736864481251,0.110453313886,0.35550381138
921,0.220449741379,0.0736864481251,0.110453313886,0.35550381138
920,0.220449741379,0.0736864481251,0.110453313886,0.35550381138
919,0.220449741379,0.0736864481251,0.110453313886,0.35550381138
918,0.220449741379,0.0736864481251,0.110453313886,0.35550381138
917,0.220449741379,0.0736864481251,0.110453313886,0.35550381138
916,0.220449741379,0.0736864481251,0.110453313886,0.35550381138
915,0.220449741379,0.0736864481251,0.110453313886,0.35550381138
914,0.220449741379,0.0736864481251,0.110453313886,0.35550381138
913,0.236500661539,0.075152571783,0.114060314752,0.356455134523
912,0.236500661539,0.075152571783,0.114060314752,0.356455134523
911,0.236500661539,0.075152571783,0.114060314752,0.356455134523
910,0.236500661539,0.075152571783,0.114060314752,0.356455134523
909,0.236500661539,0.075152571783,0.114060314752,0.356455134523
908,0.236500661539,0.075152571783,0.114060314752,0.356455134523
907,0.236500661539,0.075152571783,0.114060314752,0.356455134523
906,0.250603182491,0.0765194241087,0.1172405136,0.357366369407
905,0.250603182491,0.0769822156674,0.117782955833,0.357674897113
904,0.250603182491,0.0769822156674,0.117782955833,0.357674897113
903,0.250603182491,0.0769822156674,0.117782955833,0.357674897113
902,0.250603182491,0.0769822156674,0.117782955833,0.357674897113
901,0.250603182491,0.0769822156674,0.117782955833,0.357674897113
900,0.250330379046,0.0769822156674,0.117752799856,0.357648804484
899,0.264121442585,0.0771112292211,0.1193715068,0.35773481352
898,0.264121442585,0.0771112292211,0.1193715068,0.35773481352
897,0.264121442585,0.0771112292211,0.1193715068,0.35773481352
896,0.264121442585,0.0771112292211,0.1193715068,0.35773481352
895,0.264121442585,0.0771112292211,0.1193715068,0.35773481352
894,0.264121442585,0.0771112292211,0.1193715068,0.35773481352
893,0.264372333247,0.0773460628806,0.119678421431,0.357891369293
892,0.264372333247,0.0773460628806,0.119678421431,0.357891369293
891,0.264372333247,0.0773460628806,0.119678421431,0.357891369293
890,0.264372333247,0.0773460628806,0.119678421431,0.357891369293
889,0.264372333247,0.0773460628806,0.119678421431,0.357891369293
888,0.264372333247,0.0773460628806,0.119678421431,0.357891369293
887,0.264129611118,0.0773460628806,0.119653533565,0.357865276664
886,0.263553468831,0.0774243407671,0.119687868282,0.357839184035
885,0.263553468831,0.0774243407671,0.119687868282,0.357839184035
884,0.263553468831,0.0774243407671,0.119687868282,0.357839184035
883,0.263553468831,0.0774243407671,0.119687868282,0.357839184035
882,0.263553468831,0.0774243407671,0.119687868282,0.357839184035
881,0.263553468831,0.0774243407671,0.119687868282,0.357839184035
880,0.263336302396,0.0775808965401,0.119852365883,0.357891369293
879,0.263336302396,0.0775808965401,0.119852365883,0.357891369293
878,0.263336302396,0.0775808965401,0.119852365883,0.357891369293
877,0.263336302396,0.0775808965401,0.119852365883,0.357891369293
876,0.263336302396,0.0775808965401,0.119852365883,0.357891369293
875,0.263336302396,0.0775808965401,0.119852365883,0.357891369293
874,0.260986047225,0.0775808965401,0.119607255824,0.357447794602
873,0.260980291499,0.0783801549601,0.12055427144,0.35795454092
872,0.25413097643,0.0783801549601,0.119808472152,0.357937629031
871,0.25413097643,0.0783801549601,0.119808472152,0.357937629031
870,0.251847871407,0.0783801549601,0.11955299739,0.35773909816
869,0.251847871407,0.0783801549601,0.11955299739,0.35773909816
868,0.251847871407,0.0783801549601,0.11955299739,0.35773909816
867,0.251933655392,0.0785367107331,0.119744719319,0.357817376046
866,0.252108797696,0.0786932665061,0.119946438989,0.357921746561
865,0.252108797696,0.0786932665061,0.119946438989,0.357921746561
864,0.252108797696,0.0786932665061,0.119946438989,0.357921746561
863,0.250967245184,0.0786932665061,0.119816790967,0.35772321569
862,0.250967245184,0.0786932665061,0.119816790967,0.35772321569
861,0.250871114446,0.0786932665061,0.119805832237,0.357697123061
860,0.252793729202,0.08151127042,0.123273884894,0.359523607079
859,0.25278544207,0.08151127042,0.123272899535,0.359523607079
858,0.252100510563,0.08151127042,0.123191290361,0.359325076208
857,0.252100510563,0.08151127042,0.123191290361,0.359325076208
856,0.252100510563,0.08151127042,0.123191290361,0.359325076208
855,0.252100510563,0.08151127042,0.123191290361,0.359325076208
854,0.252023117172,0.081667826193,0.123360735669,0.359377261465
853,0.252023117172,0.081667826193,0.123360735669,0.359377261465
852,0.24974001215,0.081667826193,0.123085344074,0.359360349576
851,0.24974001215,0.081667826193,0.123085344074,0.359360349576
850,0.24974001215,0.081667826193,0.123085344074,0.359360349576
849,0.24974001215,0.081667826193,0.123085344074,0.359360349576
848,0.24974001215,0.081667826193,0.123085344074,0.359360349576
847,0.24689355814,0.0820217783754,0.123135934752,0.359437930863
846,0.24689355814,0.0820217783754,0.123135934752,0.359437930863
845,0.24689355814,0.0820217783754,0.123135934752,0.359437930863
844,0.24689355814,0.0820217783754,0.123135934752,0.359437930863
843,0.246436937135,0.0820217783754,0.123079065263,0.359239399992
842,0.246436937135,0.0820217783754,0.123079065263,0.359239399992
841,0.246365350746,0.0823479362358,0.123436922068,0.359430745937
840,0.246365350746,0.0828519983837,0.12400234493,0.359766787368
839,0.245208052682,0.0830322435171,0.124056521874,0.359850011665
838,0.245208052682,0.0830322435171,0.124056521874,0.359850011665
837,0.245208052682,0.0830322435171,0.124056521874,0.359850011665
836,0.245208052682,0.0830322435171,0.124056521874,0.359850011665
835,0.245208052682,0.0830322435171,0.124056521874,0.359850011665
834,0.245176125166,0.0831105214036,0.124139777302,0.359876104293
833,0.245634424442,0.083891850678,0.125068791247,0.36033707407
832,0.245634424442,0.083891850678,0.125068791247,0.36033707407
831,0.245308266581,0.083891850678,0.125026471081,0.360138543198
830,0.245308266581,0.083891850678,0.125026471081,0.360138543198
829,0.245308266581,0.083891850678,0.125026471081,0.360138543198
828,0.252195156902,0.0840302102757,0.126058377111,0.36023078293
827,0.252195156902,0.0840302102757,0.126058377111,0.36023078293
826,0.248085567861,0.0842705371202,0.125806649808,0.360250810167
825,0.248085567861,0.0842705371202,0.125806649808,0.360250810167
824,0.248085567861,0.0842705371202,0.125806649808,0.360250810167
823,0.261784197998,0.0845067203984,0.127768433128,0.360408265686
822,0.261784197998,0.0845067203984,0.127768433128,0.360408265686
821,0.261790536289,0.0849894340318,0.128320153517,0.360703982146
820,0.261790536289,0.0853155918922,0.128691559969,0.360921420719
819,0.26277653659,0.0857962455812,0.129357433623,0.361204917386
818,0.26277653659,0.0857962455812,0.129357433623,0.361204917386
817,0.26277653659,0.0857962455812,0.129357433623,0.361204917386
816,0.26277653659,0.0857962455812,0.129357433623,0.361204917386
815,0.26277653659,0.0857962455812,0.129357433623,0.361204917386
814,0.263121901391,0.0869510316747,0.130708310304,0.36179212638
813,0.265817500178,0.0871820124753,0.131300490714,0.36194611358
812,0.266338360805,0.0873342194768,0.131536648044,0.361950564077
811,0.266338360805,0.0873342194768,0.131536648044,0.361950564077
810,0.266338360805,0.0873342194768,0.131536648044,0.361950564077
809,0.266338360805,0.0873342194768,0.131536648044,0.361950564077
808,0.266338360805,0.0876603773372,0.131906239723,0.362168002651
807,0.264933259058,0.0881248947952,0.132257053561,0.362397572008
806,0.264259275507,0.0885962024403,0.132702308638,0.362207013331
805,0.264699874722,0.0886469381075,0.132814744945,0.362240837109
804,0.264699874722,0.0886469381075,0.132814744945,0.362240837109
803,0.264699874722,0.0886469381075,0.132814744945,0.362240837109
802,0.264699874722,0.0886469381075,0.132814744945,0.362240837109
801,0.26458259193,0.0903106726479,0.134658130954,0.363297808212
800,0.265699806057,0.0905411575359,0.135058965453,0.363451464804
799,0.266067277246,0.0911927103144,0.13583047071,0.363711818886
798,0.266067277246,0.0911927103144,0.13583047071,0.363711818886
797,0.265915070245,0.0911927103144,0.135810627991,0.363513288014
796,0.265915070245,0.0911927103144,0.135810627991,0.363513288014
795,0.26578406035,0.0912527920255,0.135860135566,0.36333478438
794,0.262788976583,0.0917355056589,0.135996698992,0.36310498614
793,0.259396163776,0.09179558737,0.135603545002,0.361790644522
792,0.259065591254,0.0918463230372,0.135613645551,0.361770617285
791,0.259065591254,0.0918463230372,0.135613645551,0.361770617285
790,0.259065591254,0.0918463230372,0.135613645551,0.361770617285
789,0.286462851528,0.0924501489353,0.139786881188,0.362173167884
788,0.286121189528,0.0928545846822,0.140207717909,0.362087705071
787,0.28580811888,0.0930949115267,0.140443751596,0.362090820419
786,0.284406881259,0.0933836331925,0.140601454303,0.361935272655
785,0.283721949752,0.0934761915042,0.14062236479,0.361935272655
784,0.283721949752,0.0934761915042,0.14062236479,0.361935272655
783,0.294517774932,0.0941878086542,0.142730050722,0.362012622345
782,0.294517774932,0.0941878086542,0.142730050722,0.362012622345
781,0.29461518013,0.0948270780606,0.143474397534,0.36241270932
780,0.294494870924,0.095232963398,0.143924127525,0.362185733967
779,0.293988171674,0.0960367231779,0.144778761732,0.362503054412
778,0.293988171674,0.0960367231779,0.144778761732,0.362503054412
777,0.293988171674,0.0960367231779,0.144778761732,0.362503054412
776,0.293988171674,0.0960367231779,0.144778761732,0.362503054412
775,0.294022471018,0.0969485155966,0.14581666207,0.363110916024
774,0.293642689082,0.0970267934831,0.145858378107,0.363062965097
773,0.294178437769,0.0979320245974,0.146945785786,0.363472410832
772,0.294049513437,0.0982949797549,0.147337819043,0.36364673338
771,0.294049513437,0.0982949797549,0.147337819043,0.36364673338
770,0.294049513437,0.0982949797549,0.147337819043,0.36364673338
769,0.294049513437,0.0982949797549,0.147337819043,0.36364673338
768,0.293321547512,0.0992067721735,0.148266927395,0.363913559756
767,0.29435197317,0.099839632864,0.149105117837,0.364318554994
766,0.294236066946,0.100061267621,0.149337219693,0.364338582231
765,0.2942339262,0.100112003288,0.149393441567,0.36435549412
764,0.2942339262,0.100112003288,0.149393441567,0.36435549412
763,0.2942339262,0.100112003288,0.149393441567,0.36435549412
762,0.293832511446,0.100112003288,0.149341647119,0.364074540595
761,0.293866241742,0.10171235119,0.151119534357,0.365141439196
760,0.293279836851,0.101924639902,0.151275825655,0.364804357216
759,0.292888226666,0.10220635637,0.15153353023,0.364759852245
758,0.292888226666,0.10220635637,0.15153353023,0.364759852245
757,0.292822995094,0.10220635637,0.151524798241,0.364561321373
756,0.306521625231,0.103549359325,0.154803041947,0.365456656676
755,0.30645245393,0.107100856027,0.158728363948,0.367772135887
754,0.306303943942,0.110305595425,0.162200025323,0.369685379167
753,0.306333995068,0.110559273761,0.162478344244,0.369723653443
752,0.306275717613,0.110610009428,0.162524921413,0.369723653443
751,0.306275717613,0.110610009428,0.162524921413,0.369723653443
750,0.306275717613,0.110936167288,0.162876732303,0.369941092016
749,0.306247564233,0.110936167288,0.162872751022,0.369921064779
748,0.306322646295,0.111231082659,0.163201031281,0.37003939714
747,0.306191906856,0.111609769101,0.163589616755,0.370051527923
746,0.305930240082,0.111831403857,0.16379008809,0.369821259202
745,0.305873162457,0.111831403857,0.163781906727,0.369622728331
744,0.305873162457,0.111831403857,0.163781906727,0.369622728331
743,0.305873162457,0.111831403857,0.163781906727,0.369622728331
742,0.305905314511,0.111909681744,0.163870453179,0.369674913588
741,0.305803928863,0.113136055495,0.165166618409,0.370266479389
740,0.30536267954,0.113477853673,0.165465845439,0.370128068929
739,0.30507120965,0.113477853673,0.165423025027,0.369983427772
738,0.30507120965,0.113477853673,0.165423025027,0.369983427772
737,0.30507120965,0.113804011534,0.165769306494,0.370200866346
736,0.30507120965,0.114527530731,0.166535544443,0.370683212478
735,0.305196170826,0.115039083586,0.167094442635,0.370947419418
734,0.305372927343,0.115519737275,0.167627536914,0.371039484926
733,0.304170628948,0.115741372032,0.167678589057,0.370783521558
732,0.317845964732,0.11693366021,0.170968876677,0.369261451543
731,0.317845964732,0.11693366021,0.170968876677,0.369261451543
730,0.317845964732,0.11693366021,0.170968876677,0.369261451543
729,0.317725117016,0.117452756523,0.171505460545,0.369509210628
728,0.317346494653,0.117452756523,0.1714502519,0.369285960977
727,0.330412813019,0.118269534007,0.174189021185,0.369123740357
726,0.32342989707,0.118541904431,0.173495213126,0.368889336097
725,0.32342989707,0.118541904431,0.173495213126,0.368889336097
724,0.32342989707,0.119194220152,0.174192832496,0.369324213244
723,0.323379534459,0.119520378012,0.174533537315,0.369343120946
722,0.337138768252,0.120407343642,0.177442152686,0.369934431366
721,0.340091307533,0.121932961339,0.179507194955,0.370871400883
720,0.339778720924,0.122135904008,0.179683339746,0.370637304734
719,0.339057243024,0.122297457053,0.179756870843,0.370634189386
718,0.339057243024,0.122297457053,0.179756870843,0.370634189386
717,0.339057243024,0.122297457053,0.179756870843,0.370634189386
716,0.339057243024,0.123468869087,0.181019031167,0.371415130742
715,0.339437791384,0.124900515505,0.182608044595,0.372289452739
714,0.352584593846,0.12642258552,0.186112684272,0.372695278294
713,0.352348151072,0.126473321187,0.186134680511,0.372523044055
712,0.352303842834,0.126473321187,0.186128497425,0.372489220277
711,0.352259076069,0.126799479048,0.186475189132,0.372508127979
710,0.352259076069,0.126847713661,0.186527343688,0.372540284388
709,0.352259076069,0.127644733221,0.187387617765,0.373071630762
708,0.353896962829,0.128292459901,0.188317328305,0.373218882433
707,0.353531525822,0.128652950167,0.188653413948,0.372842755644
706,0.353366267966,0.128703685835,0.188684404735,0.37269499914
705,0.353042274802,0.129029843695,0.188988277013,0.372881584943
704,0.353042274802,0.129029843695,0.188988277013,0.372881584943
703,0.353042274802,0.129029843695,0.188988277013,0.372881584943
702,0.352535642261,0.129174547534,0.189070661337,0.372823215016
701,0.352581251444,0.129729345349,0.189670868674,0.373072916804
700,0.352467812542,0.129992369729,0.189935368303,0.37290958356
699,0.352483785977,0.130093841064,0.190045982494,0.372926495449
698,0.352483785977,0.130093841064,0.190045982494,0.372926495449
697,0.35249759508,0.130419998924,0.190395779909,0.373143934022
696,0.352276970404,0.13051646815,0.190466325,0.373092845294
695,0.348854662674,0.130902707722,0.190371311681,0.373107150464
694,0.349360279867,0.132143390722,0.191756178758,0.373653891145
693,0.349093352396,0.132697477613,0.192298418439,0.373860105531
692,0.349093352396,0.132697477613,0.192298418439,0.373860105531
691,0.349093352396,0.132697477613,0.192298418439,0.373860105531
690,0.349093352396,0.132697477613,0.192298418439,0.373860105531
689,0.349132842154,0.133607591021,0.19325830107,0.374440755174
688,0.35765921442,0.134804777404,0.195807903062,0.374990481907
687,0.357231635709,0.13518013366,0.196139179713,0.374621150429
686,0.356564888229,0.135281604994,0.196145224287,0.374403966169
685,0.356558501922,0.135281604994,0.196144258006,0.374403966169
684,0.356449782635,0.135281604994,0.196127804357,0.373808373554
683,0.356472733649,0.135727926277,0.196599918901,0.373688832096
682,0.370171363786,0.138348673591,0.201418679372,0.375055479469
681,0.368590146386,0.13996229669,0.202884576126,0.375381850839
680,0.368287739098,0.140308533338,0.203202089043,0.375066599274
679,0.368518749143,0.140765154342,0.203715838047,0.375337189499
678,0.368493932784,0.140765154342,0.203712046123,0.375138658628
677,0.368493932784,0.140765154342,0.203712046123,0.375138658628
676,0.368436962938,0.141151031248,0.204107074193,0.375329762795
675,0.367904926355,0.142099166483,0.205013975825,0.375791467381
674,0.36772153744,0.14253460445,0.205438169514,0.375668693443
673,0.365967682161,0.143083783766,0.205731813793,0.375558790221
672,0.365967682161,0.143083783766,0.205731813793,0.375558790221
671,0.365869272461,0.143083783766,0.205716260967,0.375161728478
670,0.366310147914,0.143679376381,0.206401155737,0.375161728478
669,0.36661117046,0.147345206981,0.210206162094,0.375296417893
668,0.368144583834,0.148042858134,0.211168160889,0.375541219054
667,0.369892370758,0.14962645945,0.213065177222,0.376352175924
666,0.369836122764,0.149921960431,0.213355244894,0.376484500029
665,0.369836122764,0.149921960431,0.213355244894,0.376484500029
664,0.369728682528,0.149921960431,0.21333736295,0.376484500029
663,0.37080316907,0.151763793054,0.215377165008,0.377606186868
662,0.371552259536,0.152517568722,0.216262201035,0.378088676742
661,0.371679489147,0.153350871027,0.217120295233,0.378289952042
660,0.371219378308,0.153641933539,0.21733308119,0.378002004878
659,0.371149461094,0.154149290211,0.217828143881,0.378287704906
658,0.371127717236,0.154149290211,0.217824398854,0.378287704906
657,0.371127717236,0.156432395234,0.220093962271,0.379809774921
656,0.370900702552,0.15652886446,0.220149454748,0.379757873349
655,0.371136192409,0.157213975315,0.220867900708,0.379461752548
654,0.371117950104,0.157384874405,0.22103326324,0.379404786185
653,0.371046584903,0.157435610072,0.221070628357,0.379317111392
652,0.371033335851,0.157435610072,0.221068276717,0.379300199503
651,0.371083602016,0.157675936916,0.221314039044,0.379460417399
650,0.371065115335,0.157675936916,0.221310751145,0.379460417399
649,0.371413965326,0.159469805149,0.223134764987,0.380480033453
648,0.371897048317,0.161871169022,0.225563860909,0.381453422608
647,0.371722970699,0.162102149822,0.225755927821,0.381080915999
646,0.371650877108,0.163015824853,0.226627070909,0.381493032032
645,0.371650877108,0.163015824853,0.226627070909,0.381493032032
644,0.371603091189,0.163015824853,0.226618185816,0.381493032032
643,0.371579643967,0.163015824853,0.226613825566,0.381452977558
642,0.374304899336,0.168280497245,0.23217806811,0.384554143735
641,0.367083426345,0.168340578956,0.230826544586,0.383862476099
640,0.365507103063,0.168949839984,0.231084533109,0.383627257611
639,0.365620597709,0.169134956607,0.231280342688,0.383733756804
638,0.365606117128,0.169134956607,0.231277445452,0.383733756804
637,0.365592280127,0.169134956607,0.231274676835,0.383733756804
636,0.36561305608,0.169342248047,0.231472559873,0.38379184215
635,0.360345777087,0.17162535307,0.232510629671,0.384181705697
634,0.367486211155,0.174219591858,0.236376636044,0.385829054761
633,0.367564247006,0.175276127846,0.2373634716,0.386265792869
632,0.367558407863,0.175276127846,0.237362254055,0.386265792869
631,0.367558407863,0.175276127846,0.237362254055,0.386265792869
630,0.36678738255,0.176254601427,0.238095638375,0.386674920712
629,0.382692553642,0.177036125839,0.242083029038,0.386635174349
628,0.39661162933,0.185198564784,0.252494388278,0.391623679923
627,0.402915626366,0.186651955314,0.255119147744,0.392167440127
626,0.400521147745,0.18681350836,0.254787487865,0.391881703408
625,0.400521147745,0.18681350836,0.254787487865,0.391881703408
624,0.400585715686,0.187053835204,0.255024000116,0.392021894067
623,0.400591918647,0.187862706698,0.255775989778,0.392454940153
622,0.40009012304,0.188574520536,0.256332035385,0.392245321739
621,0.399903917626,0.188625256203,0.256340661681,0.391976896979
620,0.400586688409,0.189319028562,0.257121368798,0.392218290648
619,0.400287931813,0.189797826446,0.25750080678,0.392444930925
618,0.400274696421,0.189797826446,0.257498068179,0.392444930925
617,0.400598110799,0.190647553503,0.258346248854,0.39301141563
616,0.400696526035,0.191185024907,0.258859818111,0.393272709062
615,0.401559680635,0.193188003404,0.260872013566,0.393826298241
614,0.416459790829,0.195043469191,0.265665835957,0.394782894114
613,0.415908605481,0.195279321482,0.265772102798,0.394626593765
612,0.415936641974,0.195339403193,0.265833467716,0.394666648239
611,0.412968605444,0.195339403193,0.265224326425,0.393851253588
610,0.413170870247,0.195828639984,0.265716764109,0.3940973025
609,0.413639199482,0.196008885117,0.265979539276,0.393456430915
608,0.414922284676,0.197009854111,0.267166156474,0.393704446966
607,0.413581175616,0.197814538225,0.267624935605,0.393777933966
606,0.413256413735,0.19815186185,0.267865290913,0.393799296352
605,0.413183159029,0.19815186185,0.267849900465,0.393739214641
604,0.413183159029,0.19815186185,0.267849900465,0.393739214641
603,0.41354736864,0.199619572221,0.269264839051,0.394657606511
602,0.417615470233,0.20320098025,0.273381521552,0.396310032915
601,0.418021669604,0.205339812872,0.275398765647,0.397199382113
600,0.418549753195,0.206317494167,0.276391942858,0.397495904844
599,0.418482930609,0.206317494167,0.276377371625,0.397435823133
598,0.418482930609,0.206317494167,0.276377371625,0.397435823133
597,0.418482930609,0.206528242323,0.27656639703,0.397576321903
596,0.412849722086,0.206648405745,0.275431782756,0.396037339999
595,0.409933974836,0.207845402675,0.275835986669,0.396307389
594,0.410468349224,0.208404052548,0.276448803263,0.396517980523
593,0.410214991678,0.208639904839,0.276598657646,0.396501068634
592,0.423913621815,0.213206114885,0.283717396112,0.399545208665
591,0.423913621815,0.213206114885,0.283717396112,0.399545208665
590,0.435130317293,0.224686871571,0.296348962617,0.405730382406
589,0.435458198705,0.225194756184,0.296866614037,0.405968835962
588,0.434883481145,0.226396390406,0.297774224241,0.406240256504
587,0.43489759895,0.226708609897,0.298047475332,0.40626193903
586,0.43460358151,0.226861249919,0.298110215498,0.406209435192
585,0.434973096223,0.227221740186,0.298508349579,0.406449762037
584,0.434602335578,0.227221740186,0.298420993117,0.406286683106
583,0.434687335957,0.227848306602,0.298980966569,0.406664339576
582,0.434500587722,0.228052763769,0.29911269686,0.406643541805
581,0.448035347641,0.22896107004,0.303052276002,0.406650555926
580,0.448277068905,0.229222553863,0.303336595681,0.406764796764
579,0.44828770858,0.229402798996,0.303496814414,0.406823254645
578,0.44825683705,0.229402798996,0.303489739151,0.406783200171
577,0.44825683705,0.234539785298,0.307951325121,0.410207857705
576,0.448405759281,0.23620524351,0.309418899581,0.410784429009
575,0.441653194338,0.237037041422,0.308500582458,0.408976589917
574,0.440818822864,0.237037041422,0.308296778356,0.408524857057
573,0.434247666706,0.237334207472,0.306922595106,0.408585669568
572,0.434217656405,0.237334207472,0.306915098883,0.40855184579
571,0.433633805609,0.237334207472,0.30676912634,0.408269348918
570,0.431662539834,0.237634616028,0.306524421951,0.407459358442
569,0.431364771433,0.237634616028,0.30644931445,0.406017397375
568,0.431913375803,0.238776337784,0.307536233298,0.406344947227
567,0.428121646714,0.239130379919,0.306861239663,0.406055607766
566,0.428147799079,0.23942631392,0.30711151721,0.40617427967
565,0.427006246568,0.2404800547,0.307681177387,0.406369416851
564,0.427006246568,0.2404800547,0.307681177387,0.406369416851
563,0.426387556791,0.241813868687,0.308608813858,0.406285302456
562,0.426851432633,0.24573014824,0.311903474018,0.406620283971
561,0.439676966453,0.248157648673,0.317254176429,0.407708406309
560,0.439541940929,0.248217730384,0.317268102614,0.407592849753
559,0.439541078023,0.248310288696,0.317343476391,0.407623702524
558,0.438485219291,0.248310288696,0.317067861175,0.406253267303
557,0.438397713523,0.248310288696,0.317044981147,0.406133103881
556,0.438228645967,0.249446500977,0.317925121622,0.405837146067
555,0.439549354613,0.25173235141,0.320126488618,0.407100692274
554,0.438632904184,0.252014067877,0.320110467315,0.406092723145
553,0.438789720725,0.252291742813,0.320376190683,0.406277839769
552,0.438779779774,0.252291742813,0.320373540891,0.406277839769
551,0.438652122289,0.252291742813,0.320339506609,0.406097594635
550,0.436838296876,0.252291742813,0.319854567059,0.403031424644
549,0.437383709743,0.254130679281,0.321475940422,0.403446279189
548,0.444545255495,0.255817092878,0.324752680317,0.401342178577
547,0.44411233375,0.25590965119,0.324711608676,0.401130857795
546,0.443646103966,0.256002209502,0.324661349612,0.400231556667
545,0.442248421605,0.257016922845,0.325099275565,0.400340593846
544,0.44185877538,0.257136041368,0.32508915266,0.399472940408
543,0.439198595498,0.258962525387,0.325815844034,0.397359982208
542,0.439646003706,0.261614921039,0.328031836614,0.398200564272
541,0.438982883111,0.262021363912,0.328166039664,0.397378039045
540,0.438924136587,0.262206480535,0.328294757826,0.397311870978
539,0.443033725628,0.26244680738,0.329627201354,0.397120841948
538,0.442848410786,0.263968877395,0.330773453921,0.398065305906
537,0.442770637824,0.264237477986,0.330962528006,0.397395158333
536,0.439691514022,0.265333368397,0.330952377371,0.397163045835
535,0.441976082413,0.266873089032,0.332797235698,0.397868844838
534,0.438089763494,0.267196628144,0.33193922077,0.397551729801
533,0.437913904159,0.267196628144,0.331888727365,0.397404486815
532,0.438038501075,0.267392322861,0.332075458941,0.397495243785
531,0.437995138852,0.267392322861,0.332062997817,0.397455189311
530,0.431917803869,0.268914392876,0.331459982972,0.397413176618
529,0.431448482503,0.270388705633,0.332438345256,0.397813816439
528,0.430122401114,0.271169767878,0.332632237536,0.397470934494
527,0.429406046174,0.271544042658,0.332698877074,0.397402164598
526,0.429543927811,0.271821717593,0.332948638144,0.397587281222
525,0.43053429371,0.273176131024,0.334261618117,0.398359760365
524,0.434013051252,0.277230018893,0.338341282886,0.401002270567
523,0.435875869492,0.281634337771,0.342176628603,0.403397133369
522,0.435225213552,0.283293254617,0.343196097806,0.403579201967
521,0.434956188513,0.284080112686,0.343688914844,0.40378171439
520,0.429918781226,0.284686725621,0.342544715756,0.402308101128
519,0.429992217662,0.285175962412,0.342921980921,0.402572553448
518,0.429339823579,0.285175962412,0.342714324278,0.402025490602
517,0.428788407915,0.285356207545,0.342668505155,0.40177593042
516,0.426598909038,0.285587188346,0.342132999875,0.398828227857
515,0.425516064875,0.286338671902,0.342321820997,0.398078316474
514,0.418392432088,0.287362958903,0.340714329078,0.398311266967
513,0.418449313128,0.287598811194,0.340898929846,0.398437649057
512,0.418866299489,0.288200948782,0.341460208264,0.398839074116
511,0.419086902477,0.288667473366,0.341860852827,0.399069981557
510,0.418843448005,0.289416153909,0.342304035085,0.398502925551
509,0.41745016568,0.290858577143,0.342841910249,0.39872754786
508,0.417334758766,0.291026975178,0.342919914107,0.398694472697
507,0.41713018638,0.291304650113,0.34304344376,0.39861098873
506,0.416979015766,0.291397208425,0.343056463547,0.398585223437
505,0.416487226403,0.293799431971,0.344547399554,0.398267206393
504,0.413876102931,0.295369736599,0.34472243246,0.397277306138
503,0.414483871352,0.296511289111,0.345710220953,0.396163064401
502,0.41099888831,0.296736414558,0.344643925519,0.391272790757
501,0.410991333034,0.296877207483,0.34473621094,0.391275718226
500,0.41093291614,0.297180513951,0.344920036899,0.391294429744
499,0.411903217335,0.298702583966,0.34628638026,0.392309143088
498,0.411903217335,0.298702583966,0.34628638026,0.392309143088
497,0.411903217335,0.298702583966,0.34628638026,0.392309143088
496,0.411903217335,0.298702583966,0.34628638026,0.392309143088
495,0.411903217335,0.298702583966,0.34628638026,0.392309143088
494,0.411903217335,0.298702583966,0.34628638026,0.392309143088
493,0.411903217335,0.298702583966,0.34628638026,0.392309143088
492,0.411903217335,0.298702583966,0.34628638026,0.392309143088
491,0.411903217335,0.298702583966,0.34628638026,0.392309143088
490,0.411903217335,0.298702583966,0.34628638026,0.392309143088
489,0.411903217335,0.298702583966,0.34628638026,0.392309143088
488,0.411903217335,0.298702583966,0.34628638026,0.392309143088
487,0.411903217335,0.298702583966,0.34628638026,0.392309143088
486,0.411903217335,0.298702583966,0.34628638026,0.392309143088
485,0.411903217335,0.298702583966,0.34628638026,0.392309143088
484,0.411903217335,0.298702583966,0.34628638026,0.392309143088
483,0.411903217335,0.298702583966,0.34628638026,0.392309143088
482,0.411903217335,0.298702583966,0.34628638026,0.392309143088
481,0.411903217335,0.298702583966,0.34628638026,0.392309143088
480,0.411903217335,0.298702583966,0.34628638026,0.392309143088
479,0.411903217335,0.298702583966,0.34628638026,0.392309143088
478,0.411903217335,0.298702583966,0.34628638026,0.392309143088
477,0.411903217335,0.298702583966,0.34628638026,0.392309143088
476,0.411903217335,0.298702583966,0.34628638026,0.392309143088
475,0.411903217335,0.298702583966,0.34628638026,0.392309143088
474,0.411903217335,0.298702583966,0.34628638026,0.392309143088
473,0.411903217335,0.298702583966,0.34628638026,0.392309143088
472,0.411903217335,0.298702583966,0.34628638026,0.392309143088
471,0.411903217335,0.298702583966,0.34628638026,0.392309143088
470,0.411903217335,0.298702583966,0.34628638026,0.392309143088
469,0.411903217335,0.298702583966,0.34628638026,0.392309143088
468,0.411903217335,0.298702583966,0.34628638026,0.392309143088
467,0.411903217335,0.298702583966,0.34628638026,0.392309143088
466,0.411903217335,0.298702583966,0.34628638026,0.392309143088
465,0.411903217335,0.298702583966,0.34628638026,0.392309143088
464,0.411903217335,0.298702583966,0.34628638026,0.392309143088
463,0.411903217335,0.298702583966,0.34628638026,0.392309143088
462,0.411903217335,0.298702583966,0.34628638026,0.392309143088
461,0.411903217335,0.298702583966,0.34628638026,0.392309143088
460,0.411903217335,0.298702583966,0.34628638026,0.392309143088
459,0.411903217335,0.298702583966,0.34628638026,0.392309143088
458,0.411903217335,0.298702583966,0.34628638026,0.392309143088
457,0.411903217335,0.298702583966,0.34628638026,0.392309143088
456,0.411903217335,0.298702583966,0.34628638026,0.392309143088
455,0.411903217335,0.298702583966,0.34628638026,0.392309143088
454,0.411903217335,0.298702583966,0.34628638026,0.392309143088
453,0.411903217335,0.298702583966,0.34628638026,0.392309143088
452,0.411903217335,0.298702583966,0.34628638026,0.392309143088
451,0.411903217335,0.298702583966,0.34628638026,0.392309143088
450,0.411903217335,0.298702583966,0.34628638026,0.392309143088
449,0.411903217335,0.298702583966,0.34628638026,0.392309143088
448,0.411903217335,0.298702583966,0.34628638026,0.392309143088
447,0.411903217335,0.298702583966,0.34628638026,0.392309143088
446,0.411903217335,0.298702583966,0.34628638026,0.392309143088
445,0.411903217335,0.298702583966,0.34628638026,0.392309143088
444,0.411903217335,0.298702583966,0.34628638026,0.392309143088
443,0.411903217335,0.298702583966,0.34628638026,0.392309143088
442,0.411903217335,0.298702583966,0.34628638026,0.392309143088
441,0.411903217335,0.298702583966,0.34628638026,0.392309143088
440,0.411903217335,0.298702583966,0.34628638026,0.392309143088
439,0.411903217335,0.298702583966,0.34628638026,0.392309143088
438,0.411903217335,0.298702583966,0.34628638026,0.392309143088
437,0.411903217335,0.298702583966,0.34628638026,0.392309143088
436,0.411903217335,0.298702583966,0.34628638026,0.392309143088
435,0.411903217335,0.298702583966,0.34628638026,0.392309143088
434,0.411903217335,0.298702583966,0.34628638026,0.392309143088
433,0.411903217335,0.298702583966,0.34628638026,0.392309143088
432,0.411903217335,0.298702583966,0.34628638026,0.392309143088
431,0.411903217335,0.298702583966,0.34628638026,0.392309143088
430,0.411903217335,0.298702583966,0.34628638026,0.392309143088
429,0.411903217335,0.298702583966,0.34628638026,0.392309143088
428,0.411903217335,0.298702583966,0.34628638026,0.392309143088
427,0.411903217335,0.298702583966,0.34628638026,0.392309143088
426,0.411903217335,0.298702583966,0.34628638026,0.392309143088
425,0.411903217335,0.298702583966,0.34628638026,0.392309143088
424,0.411903217335,0.298702583966,0.34628638026,0.392309143088
423,0.411903217335,0.298702583966,0.34628638026,0.392309143088
422,0.411903217335,0.298702583966,0.34628638026,0.392309143088
421,0.411903217335,0.298702583966,0.34628638026,0.392309143088
420,0.411903217335,0.298702583966,0.34628638026,0.392309143088
419,0.411903217335,0.298702583966,0.34628638026,0.392309143088
418,0.411903217335,0.298702583966,0.34628638026,0.392309143088
417,0.411903217335,0.298702583966,0.34628638026,0.392309143088
416,0.411903217335,0.298702583966,0.34628638026,0.392309143088
415,0.411903217335,0.298702583966,0.34628638026,0.392309143088
414,0.411903217335,0.298702583966,0.34628638026,0.392309143088
413,0.411903217335,0.298702583966,0.34628638026,0.392309143088
412,0.411903217335,0.298702583966,0.34628638026,0.392309143088
411,0.411903217335,0.298702583966,0.34628638026,0.392309143088
410,0.411903217335,0.298702583966,0.34628638026,0.392309143088
409,0.411903217335,0.298702583966,0.34628638026,0.392309143088
408,0.411903217335,0.298702583966,0.34628638026,0.392309143088
407,0.411903217335,0.298702583966,0.34628638026,0.392309143088
406,0.411903217335,0.298702583966,0.34628638026,0.392309143088
405,0.411903217335,0.298702583966,0.34628638026,0.392309143088
404,0.411903217335,0.298702583966,0.34628638026,0.392309143088
403,0.411903217335,0.298702583966,0.34628638026,0.392309143088
402,0.411903217335,0.298702583966,0.34628638026,0.392309143088
401,0.411903217335,0.298702583966,0.34628638026,0.392309143088
400,0.411903217335,0.298702583966,0.34628638026,0.392309143088
399,0.411903217335,0.298702583966,0.34628638026,0.392309143088
398,0.411903217335,0.298702583966,0.34628638026,0.392309143088
397,0.411903217335,0.298702583966,0.34628638026,0.392309143088
396,0.411903217335,0.298702583966,0.34628638026,0.392309143088
395,0.411903217335,0.298702583966,0.34628638026,0.392309143088
394,0.411903217335,0.298702583966,0.34628638026,0.392309143088
393,0.411903217335,0.298702583966,0.34628638026,0.392309143088
392,0.411903217335,0.298702583966,0.34628638026,0.392309143088
391,0.411903217335,0.298702583966,0.34628638026,0.392309143088
390,0.411903217335,0.298702583966,0.34628638026,0.392309143088
389,0.411903217335,0.298702583966,0.34628638026,0.392309143088
388,0.411903217335,0.298702583966,0.34628638026,0.392309143088
387,0.411903217335,0.298702583966,0.34628638026,0.392309143088
386,0.411903217335,0.298702583966,0.34628638026,0.392309143088
385,0.411903217335,0.298702583966,0.34628638026,0.392309143088
384,0.411903217335,0.298702583966,0.34628638026,0.392309143088
383,0.411903217335,0.298702583966,0.34628638026,0.392309143088
382,0.411903217335,0.298702583966,0.34628638026,0.392309143088
381,0.411903217335,0.298702583966,0.34628638026,0.392309143088
380,0.411903217335,0.298702583966,0.34628638026,0.392309143088
379,0.411903217335,0.298702583966,0.34628638026,0.392309143088
378,0.411903217335,0.298702583966,0.34628638026,0.392309143088
377,0.411903217335,0.298702583966,0.34628638026,0.392309143088
376,0.411903217335,0.298702583966,0.34628638026,0.392309143088
375,0.411903217335,0.298702583966,0.34628638026,0.392309143088
374,0.411903217335,0.298702583966,0.34628638026,0.392309143088
373,0.411903217335,0.298702583966,0.34628638026,0.392309143088
372,0.411903217335,0.298702583966,0.34628638026,0.392309143088
371,0.411903217335,0.298702583966,0.34628638026,0.392309143088
370,0.411903217335,0.298702583966,0.34628638026,0.392309143088
369,0.411903217335,0.298702583966,0.34628638026,0.392309143088
368,0.411903217335,0.298702583966,0.34628638026,0.392309143088
367,0.411903217335,0.298702583966,0.34628638026,0.392309143088
366,0.411903217335,0.298702583966,0.34628638026,0.392309143088
365,0.411903217335,0.298702583966,0.34628638026,0.392309143088
364,0.411903217335,0.298702583966,0.34628638026,0.392309143088
363,0.411903217335,0.298702583966,0.34628638026,0.392309143088
362,0.411903217335,0.298702583966,0.34628638026,0.392309143088
361,0.411903217335,0.298702583966,0.34628638026,0.392309143088
360,0.411903217335,0.298702583966,0.34628638026,0.392309143088
359,0.411903217335,0.298702583966,0.34628638026,0.392309143088
358,0.411903217335,0.298702583966,0.34628638026,0.392309143088
357,0.411903217335,0.298702583966,0.34628638026,0.392309143088
356,0.411903217335,0.298702583966,0.34628638026,0.392309143088
355,0.411903217335,0.298702583966,0.34628638026,0.392309143088
354,0.411903217335,0.298702583966,0.34628638026,0.392309143088
353,0.411903217335,0.298702583966,0.34628638026,0.392309143088
352,0.411903217335,0.298702583966,0.34628638026,0.392309143088
351,0.411903217335,0.298702583966,0.34628638026,0.392309143088
350,0.411903217335,0.298702583966,0.34628638026,0.392309143088
349,0.411903217335,0.298702583966,0.34628638026,0.392309143088
348,0.411903217335,0.298702583966,0.34628638026,0.392309143088
347,0.411903217335,0.298702583966,0.34628638026,0.392309143088
346,0.411903217335,0.298702583966,0.34628638026,0.392309143088
345,0.411903217335,0.298702583966,0.34628638026,0.392309143088
344,0.411903217335,0.298702583966,0.34628638026,0.392309143088
343,0.411903217335,0.298702583966,0.34628638026,0.392309143088
342,0.411903217335,0.298702583966,0.34628638026,0.392309143088
341,0.411903217335,0.298702583966,0.34628638026,0.392309143088
340,0.411903217335,0.298702583966,0.34628638026,0.392309143088
339,0.411903217335,0.298702583966,0.34628638026,0.392309143088
338,0.411903217335,0.298702583966,0.34628638026,0.392309143088
337,0.411903217335,0.298702583966,0.34628638026,0.392309143088
336,0.411903217335,0.298702583966,0.34628638026,0.392309143088
335,0.411903217335,0.298702583966,0.34628638026,0.392309143088
334,0.411903217335,0.298702583966,0.34628638026,0.392309143088
333,0.411903217335,0.298702583966,0.34628638026,0.392309143088
332,0.411903217335,0.298702583966,0.34628638026,0.392309143088
331,0.411903217335,0.298702583966,0.34628638026,0.392309143088
330,0.411903217335,0.298702583966,0.34628638026,0.392309143088
329,0.411903217335,0.298702583966,0.34628638026,0.392309143088
328,0.411903217335,0.298702583966,0.34628638026,0.392309143088
327,0.411903217335,0.298702583966,0.34628638026,0.392309143088
326,0.411903217335,0.298702583966,0.34628638026,0.392309143088
325,0.411903217335,0.298702583966,0.34628638026,0.392309143088
324,0.411903217335,0.298702583966,0.34628638026,0.392309143088
323,0.411903217335,0.298702583966,0.34628638026,0.392309143088
322,0.411903217335,0.298702583966,0.34628638026,0.392309143088
321,0.411903217335,0.298702583966,0.34628638026,0.392309143088
320,0.411903217335,0.298702583966,0.34628638026,0.392309143088
319,0.411903217335,0.298702583966,0.34628638026,0.392309143088
318,0.411903217335,0.298702583966,0.34628638026,0.392309143088
317,0.411903217335,0.298702583966,0.34628638026,0.392309143088
316,0.411903217335,0.298702583966,0.34628638026,0.392309143088
315,0.411903217335,0.298702583966,0.34628638026,0.392309143088
314,0.411903217335,0.298702583966,0.34628638026,0.392309143088
313,0.411903217335,0.298702583966,0.34628638026,0.392309143088
312,0.411903217335,0.298702583966,0.34628638026,0.392309143088
311,0.411903217335,0.298702583966,0.34628638026,0.392309143088
310,0.411903217335,0.298702583966,0.34628638026,0.392309143088
309,0.411903217335,0.298702583966,0.34628638026,0.392309143088
308,0.411903217335,0.298702583966,0.34628638026,0.392309143088
307,0.411903217335,0.298702583966,0.34628638026,0.392309143088
306,0.411903217335,0.298702583966,0.34628638026,0.392309143088
305,0.411903217335,0.298702583966,0.34628638026,0.392309143088
304,0.411903217335,0.298702583966,0.34628638026,0.392309143088
303,0.411903217335,0.298702583966,0.34628638026,0.392309143088
302,0.411903217335,0.298702583966,0.34628638026,0.392309143088
301,0.411903217335,0.298702583966,0.34628638026,0.392309143088
300,0.411903217335,0.298702583966,0.34628638026,0.392309143088
299,0.411903217335,0.298702583966,0.34628638026,0.392309143088
298,0.411903217335,0.298702583966,0.34628638026,0.392309143088
297,0.411903217335,0.298702583966,0.34628638026,0.392309143088
296,0.411903217335,0.298702583966,0.34628638026,0.392309143088
295,0.411903217335,0.298702583966,0.34628638026,0.392309143088
294,0.411903217335,0.298702583966,0.34628638026,0.392309143088
293,0.411903217335,0.298702583966,0.34628638026,0.392309143088
292,0.411903217335,0.298702583966,0.34628638026,0.392309143088
291,0.411903217335,0.298702583966,0.34628638026,0.392309143088
290,0.411903217335,0.298702583966,0.34628638026,0.392309143088
289,0.411903217335,0.298702583966,0.34628638026,0.392309143088
288,0.411903217335,0.298702583966,0.34628638026,0.392309143088
287,0.411903217335,0.298702583966,0.34628638026,0.392309143088
286,0.411903217335,0.298702583966,0.34628638026,0.392309143088
285,0.411903217335,0.298702583966,0.34628638026,0.392309143088
284,0.411903217335,0.298702583966,0.34628638026,0.392309143088
283,0.411903217335,0.298702583966,0.34628638026,0.392309143088
282,0.411903217335,0.298702583966,0.34628638026,0.392309143088
281,0.411903217335,0.298702583966,0.34628638026,0.392309143088
280,0.411903217335,0.298702583966,0.34628638026,0.392309143088
279,0.411903217335,0.298702583966,0.34628638026,0.392309143088
278,0.411903217335,0.298702583966,0.34628638026,0.392309143088
277,0.411903217335,0.298702583966,0.34628638026,0.392309143088
276,0.411903217335,0.298702583966,0.34628638026,0.392309143088
275,0.411903217335,0.298702583966,0.34628638026,0.392309143088
274,0.411903217335,0.298702583966,0.34628638026,0.392309143088
273,0.411903217335,0.298702583966,0.34628638026,0.392309143088
272,0.411903217335,0.298702583966,0.34628638026,0.392309143088
271,0.411903217335,0.298702583966,0.34628638026,0.392309143088
270,0.411903217335,0.298702583966,0.34628638026,0.392309143088
269,0.411903217335,0.298702583966,0.34628638026,0.392309143088
268,0.411903217335,0.298702583966,0.34628638026,0.392309143088
267,0.411903217335,0.298702583966,0.34628638026,0.392309143088
266,0.411903217335,0.298702583966,0.34628638026,0.392309143088
265,0.411903217335,0.298702583966,0.34628638026,0.392309143088
264,0.411903217335,0.298702583966,0.34628638026,0.392309143088
263,0.411903217335,0.298702583966,0.34628638026,0.392309143088
262,0.411903217335,0.298702583966,0.34628638026,0.392309143088
261,0.411903217335,0.298702583966,0.34628638026,0.392309143088
260,0.411903217335,0.298702583966,0.34628638026,0.392309143088
259,0.411903217335,0.298702583966,0.34628638026,0.392309143088
258,0.411903217335,0.298702583966,0.34628638026,0.392309143088
257,0.411903217335,0.298702583966,0.34628638026,0.392309143088
256,0.411903217335,0.298702583966,0.34628638026,0.392309143088
255,0.411903217335,0.298702583966,0.34628638026,0.392309143088
254,0.411903217335,0.298702583966,0.34628638026,0.392309143088
253,0.411903217335,0.298702583966,0.34628638026,0.392309143088
252,0.411903217335,0.298702583966,0.34628638026,0.392309143088
251,0.411903217335,0.298702583966,0.34628638026,0.392309143088
250,0.411903217335,0.298702583966,0.34628638026,0.392309143088
249,0.411903217335,0.298702583966,0.34628638026,0.392309143088
248,0.411903217335,0.298702583966,0.34628638026,0.392309143088
247,0.411903217335,0.298702583966,0.34628638026,0.392309143088
246,0.411903217335,0.298702583966,0.34628638026,0.392309143088
245,0.411903217335,0.298702583966,0.34628638026,0.392309143088
244,0.411903217335,0.298702583966,0.34628638026,0.392309143088
243,0.411903217335,0.298702583966,0.34628638026,0.392309143088
242,0.411903217335,0.298702583966,0.34628638026,0.392309143088
241,0.411903217335,0.298702583966,0.34628638026,0.392309143088
240,0.411903217335,0.298702583966,0.34628638026,0.392309143088
239,0.411903217335,0.298702583966,0.34628638026,0.392309143088
238,0.411903217335,0.298702583966,0.34628638026,0.392309143088
237,0.411903217335,0.298702583966,0.34628638026,0.392309143088
236,0.411903217335,0.298702583966,0.34628638026,0.392309143088
235,0.411903217335,0.298702583966,0.34628638026,0.392309143088
234,0.411903217335,0.298702583966,0.34628638026,0.392309143088
233,0.411903217335,0.298702583966,0.34628638026,0.392309143088
232,0.411903217335,0.298702583966,0.34628638026,0.392309143088
231,0.411903217335,0.298702583966,0.34628638026,0.392309143088
230,0.411903217335,0.298702583966,0.34628638026,0.392309143088
229,0.411903217335,0.298702583966,0.34628638026,0.392309143088
228,0.411903217335,0.298702583966,0.34628638026,0.392309143088
227,0.411903217335,0.298702583966,0.34628638026,0.392309143088
226,0.411903217335,0.298702583966,0.34628638026,0.392309143088
225,0.411903217335,0.298702583966,0.34628638026,0.392309143088
224,0.411903217335,0.298702583966,0.34628638026,0.392309143088
223,0.411903217335,0.298702583966,0.34628638026,0.392309143088
222,0.411903217335,0.298702583966,0.34628638026,0.392309143088
221,0.411903217335,0.298702583966,0.34628638026,0.392309143088
220,0.411903217335,0.298702583966,0.34628638026,0.392309143088
219,0.411903217335,0.298702583966,0.34628638026,0.392309143088
218,0.411903217335,0.298702583966,0.34628638026,0.392309143088
217,0.411903217335,0.298702583966,0.34628638026,0.392309143088
216,0.411903217335,0.298702583966,0.34628638026,0.392309143088
215,0.411903217335,0.298702583966,0.34628638026,0.392309143088
214,0.411903217335,0.298702583966,0.34628638026,0.392309143088
213,0.411903217335,0.298702583966,0.34628638026,0.392309143088
212,0.411903217335,0.298702583966,0.34628638026,0.392309143088
211,0.411903217335,0.298702583966,0.34628638026,0.392309143088
210,0.411903217335,0.298702583966,0.34628638026,0.392309143088
209,0.411903217335,0.298702583966,0.34628638026,0.392309143088
208,0.411903217335,0.298702583966,0.34628638026,0.392309143088
207,0.411903217335,0.298702583966,0.34628638026,0.392309143088
206,0.411903217335,0.298702583966,0.34628638026,0.392309143088
205,0.411903217335,0.298702583966,0.34628638026,0.392309143088
204,0.411903217335,0.298702583966,0.34628638026,0.392309143088
203,0.411903217335,0.298702583966,0.34628638026,0.392309143088
202,0.411903217335,0.298702583966,0.34628638026,0.392309143088
201,0.411903217335,0.298702583966,0.34628638026,0.392309143088
200,0.411903217335,0.298702583966,0.34628638026,0.392309143088
199,0.411903217335,0.298702583966,0.34628638026,0.392309143088
198,0.411903217335,0.298702583966,0.34628638026,0.392309143088
197,0.411903217335,0.298702583966,0.34628638026,0.392309143088
196,0.411903217335,0.298702583966,0.34628638026,0.392309143088
195,0.411903217335,0.298702583966,0.34628638026,0.392309143088
194,0.411903217335,0.298702583966,0.34628638026,0.392309143088
193,0.411903217335,0.298702583966,0.34628638026,0.392309143088
192,0.411903217335,0.298702583966,0.34628638026,0.392309143088
191,0.411903217335,0.298702583966,0.34628638026,0.392309143088
190,0.411903217335,0.298702583966,0.34628638026,0.392309143088
189,0.411903217335,0.298702583966,0.34628638026,0.392309143088
188,0.411903217335,0.298702583966,0.34628638026,0.392309143088
187,0.411903217335,0.298702583966,0.34628638026,0.392309143088
186,0.411903217335,0.298702583966,0.34628638026,0.392309143088
185,0.411903217335,0.298702583966,0.34628638026,0.392309143088
184,0.411903217335,0.298702583966,0.34628638026,0.392309143088
183,0.411903217335,0.298702583966,0.34628638026,0.392309143088
182,0.411903217335,0.298702583966,0.34628638026,0.392309143088
181,0.411903217335,0.298702583966,0.34628638026,0.392309143088
180,0.411903217335,0.298702583966,0.34628638026,0.392309143088
179,0.411903217335,0.298702583966,0.34628638026,0.392309143088
178,0.411903217335,0.298702583966,0.34628638026,0.392309143088
177,0.411903217335,0.298702583966,0.34628638026,0.392309143088
176,0.411903217335,0.298702583966,0.34628638026,0.392309143088
175,0.411903217335,0.298702583966,0.34628638026,0.392309143088
174,0.411903217335,0.298702583966,0.34628638026,0.392309143088
173,0.411903217335,0.298702583966,0.34628638026,0.392309143088
172,0.411903217335,0.298702583966,0.34628638026,0.392309143088
171,0.411903217335,0.298702583966,0.34628638026,0.392309143088
170,0.411903217335,0.298702583966,0.34628638026,0.392309143088
169,0.411903217335,0.298702583966,0.34628638026,0.392309143088
168,0.411903217335,0.298702583966,0.34628638026,0.392309143088
167,0.411903217335,0.298702583966,0.34628638026,0.392309143088
166,0.411903217335,0.298702583966,0.34628638026,0.392309143088
165,0.411903217335,0.298702583966,0.34628638026,0.392309143088
164,0.411903217335,0.298702583966,0.34628638026,0.392309143088
163,0.411903217335,0.298702583966,0.34628638026,0.392309143088
162,0.411903217335,0.298702583966,0.34628638026,0.392309143088
161,0.411903217335,0.298702583966,0.34628638026,0.392309143088
160,0.411903217335,0.298702583966,0.34628638026,0.392309143088
159,0.411903217335,0.298702583966,0.34628638026,0.392309143088
158,0.411903217335,0.298702583966,0.34628638026,0.392309143088
157,0.411903217335,0.298702583966,0.34628638026,0.392309143088
156,0.411903217335,0.298702583966,0.34628638026,0.392309143088
155,0.411903217335,0.298702583966,0.34628638026,0.392309143088
154,0.411903217335,0.298702583966,0.34628638026,0.392309143088
153,0.411903217335,0.298702583966,0.34628638026,0.392309143088
152,0.411903217335,0.298702583966,0.34628638026,0.392309143088
151,0.411903217335,0.298702583966,0.34628638026,0.392309143088
150,0.411903217335,0.298702583966,0.34628638026,0.392309143088
149,0.411903217335,0.298702583966,0.34628638026,0.392309143088
148,0.411903217335,0.298702583966,0.34628638026,0.392309143088
147,0.411903217335,0.298702583966,0.34628638026,0.392309143088
146,0.411903217335,0.298702583966,0.34628638026,0.392309143088
145,0.411903217335,0.298702583966,0.34628638026,0.392309143088
144,0.411903217335,0.298702583966,0.34628638026,0.392309143088
143,0.411903217335,0.298702583966,0.34628638026,0.392309143088
142,0.411903217335,0.298702583966,0.34628638026,0.392309143088
141,0.411903217335,0.298702583966,0.34628638026,0.392309143088
140,0.411903217335,0.298702583966,0.34628638026,0.392309143088
139,0.411903217335,0.298702583966,0.34628638026,0.392309143088
138,0.411903217335,0.298702583966,0.34628638026,0.392309143088
137,0.411903217335,0.298702583966,0.34628638026,0.392309143088
136,0.411903217335,0.298702583966,0.34628638026,0.392309143088
135,0.411903217335,0.298702583966,0.34628638026,0.392309143088
134,0.411903217335,0.298702583966,0.34628638026,0.392309143088
133,0.411903217335,0.298702583966,0.34628638026,0.392309143088
132,0.411903217335,0.298702583966,0.34628638026,0.392309143088
131,0.411903217335,0.298702583966,0.34628638026,0.392309143088
130,0.411903217335,0.298702583966,0.34628638026,0.392309143088
129,0.411903217335,0.298702583966,0.34628638026,0.392309143088
128,0.411903217335,0.298702583966,0.34628638026,0.392309143088
127,0.411903217335,0.298702583966,0.34628638026,0.392309143088
126,0.411903217335,0.298702583966,0.34628638026,0.392309143088
125,0.411903217335,0.298702583966,0.34628638026,0.392309143088
124,0.411903217335,0.298702583966,0.34628638026,0.392309143088
123,0.411903217335,0.298702583966,0.34628638026,0.392309143088
122,0.411903217335,0.298702583966,0.34628638026,0.392309143088
121,0.411903217335,0.298702583966,0.34628638026,0.392309143088
120,0.411903217335,0.298702583966,0.34628638026,0.392309143088
119,0.411903217335,0.298702583966,0.34628638026,0.392309143088
118,0.411903217335,0.298702583966,0.34628638026,0.392309143088
117,0.411903217335,0.298702583966,0.34628638026,0.392309143088
116,0.411903217335,0.298702583966,0.34628638026,0.392309143088
115,0.411903217335,0.298702583966,0.34628638026,0.392309143088
114,0.411903217335,0.298702583966,0.34628638026,0.392309143088
113,0.411903217335,0.298702583966,0.34628638026,0.392309143088
112,0.411903217335,0.298702583966,0.34628638026,0.392309143088
111,0.411903217335,0.298702583966,0.34628638026,0.392309143088
110,0.411903217335,0.298702583966,0.34628638026,0.392309143088
109,0.411903217335,0.298702583966,0.34628638026,0.392309143088
108,0.411903217335,0.298702583966,0.34628638026,0.392309143088
107,0.411903217335,0.298702583966,0.34628638026,0.392309143088
106,0.411903217335,0.298702583966,0.34628638026,0.392309143088
105,0.411903217335,0.298702583966,0.34628638026,0.392309143088
104,0.411903217335,0.298702583966,0.34628638026,0.392309143088
103,0.411903217335,0.298702583966,0.34628638026,0.392309143088
102,0.411903217335,0.298702583966,0.34628638026,0.392309143088
101,0.411903217335,0.298702583966,0.34628638026,0.392309143088
100,0.411903217335,0.298702583966,0.34628638026,0.392309143088
99,0.411903217335,0.298702583966,0.34628638026,0.392309143088
98,0.411903217335,0.298702583966,0.34628638026,0.392309143088
97,0.411903217335,0.298702583966,0.34628638026,0.392309143088
96,0.411903217335,0.298702583966,0.34628638026,0.392309143088
95,0.411903217335,0.298702583966,0.34628638026,0.392309143088
94,0.411903217335,0.298702583966,0.34628638026,0.392309143088
93,0.411903217335,0.298702583966,0.34628638026,0.392309143088
92,0.411903217335,0.298702583966,0.34628638026,0.392309143088
91,0.411903217335,0.298702583966,0.34628638026,0.392309143088
90,0.411903217335,0.298702583966,0.34628638026,0.392309143088
89,0.411903217335,0.298702583966,0.34628638026,0.392309143088
88,0.411903217335,0.298702583966,0.34628638026,0.392309143088
87,0.411903217335,0.298702583966,0.34628638026,0.392309143088
86,0.411903217335,0.298702583966,0.34628638026,0.392309143088
85,0.411903217335,0.298702583966,0.34628638026,0.392309143088
84,0.411903217335,0.298702583966,0.34628638026,0.392309143088
83,0.411903217335,0.298702583966,0.34628638026,0.392309143088
82,0.411903217335,0.298702583966,0.34628638026,0.392309143088
81,0.411903217335,0.298702583966,0.34628638026,0.392309143088
80,0.411903217335,0.298702583966,0.34628638026,0.392309143088
79,0.411903217335,0.298702583966,0.34628638026,0.392309143088
78,0.411903217335,0.298702583966,0.34628638026,0.392309143088
77,0.411903217335,0.298702583966,0.34628638026,0.392309143088
76,0.411903217335,0.298702583966,0.34628638026,0.392309143088
75,0.411903217335,0.298702583966,0.34628638026,0.392309143088
74,0.411903217335,0.298702583966,0.34628638026,0.392309143088
73,0.411903217335,0.298702583966,0.34628638026,0.392309143088
72,0.411903217335,0.298702583966,0.34628638026,0.392309143088
71,0.411903217335,0.298702583966,0.34628638026,0.392309143088
70,0.411903217335,0.298702583966,0.34628638026,0.392309143088
69,0.411903217335,0.298702583966,0.34628638026,0.392309143088
68,0.411903217335,0.298702583966,0.34628638026,0.392309143088
67,0.411903217335,0.298702583966,0.34628638026,0.392309143088
66,0.411903217335,0.298702583966,0.34628638026,0.392309143088
65,0.411903217335,0.298702583966,0.34628638026,0.392309143088
64,0.411903217335,0.298702583966,0.34628638026,0.392309143088
63,0.411903217335,0.298702583966,0.34628638026,0.392309143088
62,0.411903217335,0.298702583966,0.34628638026,0.392309143088
61,0.411903217335,0.298702583966,0.34628638026,0.392309143088
60,0.411903217335,0.298702583966,0.34628638026,0.392309143088
59,0.411903217335,0.298702583966,0.34628638026,0.392309143088
58,0.411903217335,0.298702583966,0.34628638026,0.392309143088
57,0.411903217335,0.298702583966,0.34628638026,0.392309143088
56,0.411903217335,0.298702583966,0.34628638026,0.392309143088
55,0.411903217335,0.298702583966,0.34628638026,0.392309143088
54,0.411903217335,0.298702583966,0.34628638026,0.392309143088
53,0.411903217335,0.298702583966,0.34628638026,0.392309143088
52,0.411903217335,0.298702583966,0.34628638026,0.392309143088
51,0.411903217335,0.298702583966,0.34628638026,0.392309143088
50,0.411903217335,0.298702583966,0.34628638026,0.392309143088
49,0.411903217335,0.298702583966,0.34628638026,0.392309143088
48,0.411903217335,0.298702583966,0.34628638026,0.392309143088
47,0.411903217335,0.298702583966,0.34628638026,0.392309143088
46,0.411903217335,0.298702583966,0.34628638026,0.392309143088
45,0.411903217335,0.298702583966,0.34628638026,0.392309143088
44,0.411903217335,0.298702583966,0.34628638026,0.392309143088
43,0.411903217335,0.298702583966,0.34628638026,0.392309143088
42,0.411903217335,0.298702583966,0.34628638026,0.392309143088
41,0.411903217335,0.298702583966,0.34628638026,0.392309143088
40,0.411903217335,0.298702583966,0.34628638026,0.392309143088
39,0.411903217335,0.298702583966,0.34628638026,0.392309143088
38,0.411903217335,0.298702583966,0.34628638026,0.392309143088
37,0.411903217335,0.298702583966,0.34628638026,0.392309143088
36,0.411903217335,0.298702583966,0.34628638026,0.392309143088
35,0.411903217335,0.298702583966,0.34628638026,0.392309143088
34,0.411903217335,0.298702583966,0.34628638026,0.392309143088
33,0.411903217335,0.298702583966,0.34628638026,0.392309143088
32,0.411903217335,0.298702583966,0.34628638026,0.392309143088
31,0.411903217335,0.298702583966,0.34628638026,0.392309143088
30,0.411903217335,0.298702583966,0.34628638026,0.392309143088
29,0.411903217335,0.298702583966,0.34628638026,0.392309143088
28,0.411903217335,0.298702583966,0.34628638026,0.392309143088
27,0.411903217335,0.298702583966,0.34628638026,0.392309143088
26,0.411903217335,0.298702583966,0.34628638026,0.392309143088
25,0.411903217335,0.298702583966,0.34628638026,0.392309143088
24,0.411903217335,0.298702583966,0.34628638026,0.392309143088
23,0.411903217335,0.298702583966,0.34628638026,0.392309143088
22,0.411903217335,0.298702583966,0.34628638026,0.392309143088
21,0.411903217335,0.298702583966,0.34628638026,0.392309143088
20,0.411903217335,0.298702583966,0.34628638026,0.392309143088
19,0.411903217335,0.298702583966,0.34628638026,0.392309143088
18,0.411903217335,0.298702583966,0.34628638026,0.392309143088
17,0.411903217335,0.298702583966,0.34628638026,0.392309143088
16,0.411903217335,0.298702583966,0.34628638026,0.392309143088
15,0.411903217335,0.298702583966,0.34628638026,0.392309143088
14,0.411903217335,0.298702583966,0.34628638026,0.392309143088
13,0.411903217335,0.298702583966,0.34628638026,0.392309143088
12,0.411903217335,0.298702583966,0.34628638026,0.392309143088
11,0.411903217335,0.298702583966,0.34628638026,0.392309143088
10,0.411903217335,0.298702583966,0.34628638026,0.392309143088
9,0.411903217335,0.298702583966,0.34628638026,0.392309143088
8,0.411903217335,0.298702583966,0.34628638026,0.392309143088
7,0.411903217335,0.298702583966,0.34628638026,0.392309143088
6,0.411903217335,0.298702583966,0.34628638026,0.392309143088
5,0.411903217335,0.298702583966,0.34628638026,0.392309143088
4,0.411903217335,0.298702583966,0.34628638026,0.392309143088
3,0.411903217335,0.298702583966,0.34628638026,0.392309143088
2,0.411903217335,0.298702583966,0.34628638026,0.392309143088
1,0.411903217335,0.298702583966,0.34628638026,0.392309143088
0,0.411903217335,0.298702583966,0.34628638026,0.392309143088
